Intensidad
417
418
418
418
418
418
418
417
417
417
417
417
418
417
416
417
417
418
416
416
417
418
417
418
417
417
418
419
419
417
417
418
418
418
416
417
417
417
418
417
416
410
418
417
416
416
417
418
417
417
416
417
418
418
417
416
417
418
418
418
416
417
418
417
417
417
417
417
417
417
417
416
418
417
417
417
417
417
418
417
416
416
417
418
418
418
417
417
418
418
418
416
417
417
418
417
416
416
417
418
Intensidad
427
426
427
427
425
426
427
426
426
426
426
426
426
426
426
426
426
426
427
425
425
426
427
427
427
426
427
427
426
426
426
427
428
427
426
426
427
427
427
426
426
426
427
427
427
426
426
426
427
427
426
425
427
426
426
425
426
426
426
426
426
425
427
427
427
425
426
426
427
426
426
426
425
426
427
427
426
426
427
426
426
426
427
427
427
426
426
427
428
427
427
425
427
427
428
427
426
426
427
428
Intensidad
430
430
430
429
429
429
430
430
429
428
429
429
429
429
429
430
430
429
429
429
429
430
430
429
428
429
430
430
429
428
429
429
426
429
429
429
429
429
429
429
429
430
430
429
429
429
429
429
428
429
429
430
430
429
429
429
429
430
429
429
428
429
429
429
428
429
429
429
430
429
429
429
430
430
429
429
429
430
429
429
428
429
429
430
429
429
429
429
429
429
429
428
429
430
429
428
428
429
429
429
Intensidad
431
430
431
432
432
432
431
430
431
432
431
431
430
431
431
432
431
431
431
432
431
431
431
431
431
433
432
431
431
432
432
433
432
431
430
431
432
432
430
431
431
431
431
430
430
431
432
431
430
431
430
431
430
430
430
431
430
431
429
429
430
431
431
430
429
431
431
431
430
431
430
431
430
431
431
430
430
431
430
430
431
431
431
430
430
430
432
432
431
430
430
431
432
430
430
430
430
431
430
429
Intensidad
431
432
431
431
432
432
432
431
433
432
432
431
431
431
431
431
432
433
431
431
432
433
432
431
432
432
431
430
431
432
431
431
432
432
431
431
431
432
432
430
431
431
430
429
431
432
431
431
431
432
432
432
432
432
432
431
431
431
430
430
431
433
432
431
432
432
432
431
431
431
431
430
430
432
431
431
431
432
432
431
431
431
431
430
432
432
432
431
431
433
432
432
432
433
432
431
431
431
431
430
Intensidad
447
447
448
447
446
448
448
446
448
447
447
447
448
448
446
447
448
446
447
448
447
446
446
446
446
447
448
448
447
447
448
447
447
448
447
447
447
447
446
447
447
446
446
447
448
447
447
448
448
446
447
447
447
447
448
446
447
447
448
446
446
447
446
447
447
447
447
448
448
447
447
448
448
446
447
447
446
446
447
446
446
447
447
447
447
448
448
447
447
448
446
446
448
446
446
447
446
446
446
447
Intensidad
454
454
453
454
455
453
455
454
454
454
453
453
454
455
454
454
454
453
454
455
453
454
454
453
454
454
453
454
455
453
455
454
454
455
454
454
455
454
454
455
454
454
454
454
453
453
453
454
455
454
454
454
454
455
456
455
454
455
454
454
454
454
454
455
455
454
455
454
453
454
454
454
455
455
454
455
455
455
456
455
455
455
455
454
455
454
454
455
454
454
454
454
454
455
455
454
456
456
455
455
Intensidad
460
460
459
460
459
458
459
459
459
460
460
459
458
459
459
460
459
460
460
459
460
459
458
460
460
459
460
459
459
460
459
460
459
459
460
459
458
459
459
457
460
459
459
459
459
459
461
459
460
460
459
459
460
459
459
459
459
460
459
459
460
459
459
459
459
459
460
459
460
460
459
460
460
460
461
460
460
461
459
459
460
460
459
460
458
459
460
459
460
459
458
460
459
459
460
459
460
461
459
460
Intensidad
469
469
469
469
469
468
469
468
468
469
468
469
469
468
469
468
469
469
469
469
468
469
468
468
469
468
468
469
468
469
469
469
470
469
469
470
468
470
469
469
469
469
468
470
469
469
469
469
470
468
469
469
469
470
468
468
470
468
470
469
469
470
469
470
469
469
469
469
469
469
469
470
469
469
470
468
469
469
469
470
469
469
470
470
469
469
468
469
468
469
470
469
469
469
469
470
470
469
468
467
Intensidad
468
467
467
466
467
466
467
467
467
467
468
466
467
467
466
468
467
466
466
466
467
467
467
465
466
466
466
468
466
466
467
466
466
466
465
466
467
465
466
466
465
466
467
466
467
467
466
467
466
465
467
466
466
467
465
466
466
466
466
467
465
465
465
465
465
465
464
466
466
465
466
465
463
465
465
465
465
464
464
465
463
464
464
464
465
465
465
465
465
464
464
465
465
464
465
464
465
466
464
465
Intensidad
447
448
447
447
446
447
448
447
448
448
446
447
446
447
447
446
446
447
447
447
447
447
448
447
448
447
447
447
446
446
447
447
447
448
446
446
447
447
447
448
446
448
447
446
447
446
447
447
446
447
447
447
448
447
447
448
446
447
448
447
447
447
446
448
446
447
448
446
448
447
447
448
447
448
447
446
448
448
448
448
445
447
447
446
448
447
447
447
447
447
448
447
447
448
447
447
447
446
447
446
Intensidad
451
449
450
450
450
449
451
450
449
451
451
451
451
450
450
451
450
451
451
450
451
450
450
450
450
450
450
450
451
450
451
451
449
450
450
450
451
451
448
450
449
449
450
449
451
450
449
451
450
449
451
449
449
450
449
450
450
450
451
449
450
451
451
451
451
450
450
451
450
452
451
449
451
450
450
451
450
451
450
451
451
451
450
450
450
451
451
450
450
449
449
450
449
451
450
449
451
449
450
451
Intensidad
445
446
447
448
445
447
446
446
447
447
446
446
446
446
447
447
446
446
446
447
447
447
447
446
446
447
446
447
447
446
447
447
446
447
447
447
448
447
447
447
447
447
448
447
447
448
447
447
447
446
448
448
447
448
447
448
447
447
448
448
447
447
448
447
448
448
446
447
448
446
448
448
446
448
447
447
447
447
448
448
446
447
447
447
449
448
447
448
446
447
447
446
447
448
446
446
447
447
448
447
Intensidad
446
447
447
447
447
447
447
446
447
447
446
447
447
446
447
447
447
447
447
447
448
447
448
448
447
448
448
447
448
448
447
448
447
447
448
446
447
448
446
447
448
447
448
447
446
447
446
447
448
447
447
447
446
448
448
447
448
447
447
448
447
447
448
447
448
447
447
448
448
447
448
447
446
447
446
447
447
446
446
448
447
448
448
446
448
448
447
449
447
447
447
447
447
447
447
448
448
447
447
448
Intensidad
443
441
442
442
443
442
442
442
442
442
441
442
442
441
443
443
442
442
442
442
443
442
441
442
442
442
442
443
441
441
443
441
442
442
441
441
441
441
442
442
442
441
443
442
441
442
441
440
442
442
441
443
443
442
443
442
441
443
442
441
443
443
442
442
443
441
442
443
441
442
444
441
442
444
441
442
443
443
443
443
442
442
442
442
442
442
442
442
443
443
442
442
442
441
442
441
442
443
442
441
Intensidad
444
444
444
443
443
443
444
442
443
444
443
442
442
443
443
443
443
443
443
442
443
443
444
443
443
443
444
444
443
444
444
444
443
443
444
443
443
443
445
445
443
443
444
443
444
443
444
444
443
442
443
443
443
443
443
443
443
442
443
443
443
442
443
443
443
443
443
444
443
443
442
444
444
443
443
444
443
443
442
442
443
442
443
443
443
443
442
443
444
443
442
443
443
443
442
443
443
443
443
443
Intensidad
447
447
448
447
447
447
447
447
448
447
446
447
448
446
446
447
446
447
449
448
447
448
447
446
446
448
447
447
448
447
447
448
447
447
447
447
446
447
447
447
447
448
447
447
448
447
446
448
447
447
447
448
447
448
448
447
447
447
447
446
448
448
447
448
448
446
447
448
447
447
448
447
447
448
448
446
448
448
446
446
447
447
448
449
448
446
448
447
446
448
447
447
447
448
447
447
448
447
446
449
Intensidad
447
447
447
446
447
446
447
447
447
447
447
446
446
447
447
446
447
447
446
445
447
447
447
447
447
446
447
447
447
447
445
446
448
448
446
447
446
446
446
447
447
446
446
447
447
447
447
448
446
446
447
448
447
447
447
447
446
448
448
446
445
447
447
447
447
447
447
446
447
447
447
447
447
447
447
447
447
446
445
446
447
447
447
446
446
446
447
447
447
447
447
447
447
447
447
447
447
446
448
448
Intensidad
448
448
450
448
447
447
447
448
447
448
447
447
448
449
447
447
447
447
447
448
448
447
448
448
448
447
448
449
448
448
448
449
447
448
448
448
447
448
448
448
448
448
448
447
448
448
448
447
448
449
448
448
449
448
447
447
448
447
447
449
449
448
447
448
448
448
448
449
449
448
449
448
447
448
448
448
447
449
449
448
448
449
448
447
449
449
448
449
449
448
447
447
448
448
448
449
450
448
449
449
Intensidad
457
456
456
455
457
457
456
455
455
456
456
455
454
456
456
456
455
455
457
456
456
456
456
458
456
456
455
456
457
455
455
455
456
456
456
456
455
455
457
456
455
456
456
456
455
455
456
456
456
454
454
455
456
456
456
455
455
456
455
455
456
457
456
455
455
457
456
455
454
455
456
456
455
456
455
456
457
456
456
457
456
457
456
455
455
456
456
455
455
456
455
455
455
455
456
456
456
455
456
456
Intensidad
455
453
454
453
453
452
452
454
452
452
453
453
453
452
452
453
454
453
453
452
453
452
452
452
453
453
453
452
452
454
454
454
453
452
453
453
452
452
452
453
452
453
453
454
454
453
453
453
453
453
453
452
452
453
453
453
452
453
454
453
452
452
453
454
452
452
452
452
452
453
453
453
454
453
452
453
454
454
453
452
452
453
453
453
452
453
453
453
452
453
453
453
451
451
452
453
453
452
452
453
Intensidad
456
454
455
455
453
454
456
454
454
454
455
455
455
455
454
455
456
454
454
454
455
455
454
454
454
454
455
455
454
454
454
456
455
455
455
455
454
455
455
455
456
455
455
454
455
455
456
455
454
453
455
455
455
454
454
454
454
455
455
454
455
455
454
454
454
456
456
454
454
455
455
456
455
455
454
455
456
455
455
454
455
455
454
455
455
456
456
455
454
455
456
456
455
454
454
456
455
455
454
455
Intensidad
469
470
469
468
469
470
470
469
468
469
469
469
469
470
470
469
468
468
469
470
470
469
469
470
470
469
469
469
470
471
469
468
469
470
470
470
469
470
470
469
469
470
471
471
470
470
469
470
470
470
470
470
471
470
469
470
470
471
471
470
471
470
470
470
470
470
471
470
469
469
470
472
471
471
471
470
471
471
471
472
472
472
471
470
471
472
471
471
472
471
471
471
471
473
473
472
470
471
472
472
Intensidad
494
495
495
494
496
496
494
495
495
496
495
494
494
495
496
495
495
494
494
495
496
495
496
496
496
496
495
495
495
495
496
496
495
495
496
496
496
496
495
496
497
496
495
495
495
496
496
495
495
496
496
497
496
496
496
496
497
497
495
495
496
497
498
497
496
496
496
496
496
496
496
497
498
498
496
497
497
497
497
496
497
496
498
498
497
496
496
497
497
496
496
497
497
498
497
496
496
496
497
497
Intensidad
600
600
600
601
600
601
601
601
600
600
601
601
601
600
601
601
602
600
602
602
602
601
600
601
603
601
601
602
602
602
601
602
603
602
601
603
603
602
601
602
603
603
601
603
603
603
602
602
603
603
601
602
602
604
603
604
603
604
603
603
603
604
604
603
603
604
604
603
603
605
605
604
603
605
605
603
603
604
605
603
604
604
605
604
604
604
605
605
604
604
604
605
605
604
605
605
604
604
605
606
Intensidad
562
562
562
563
564
563
562
563
564
563
562
563
563
563
563
563
563
562
562
563
562
562
563
563
563
562
563
564
563
563
564
564
563
564
564
564
563
563
564
564
563
564
564
563
563
563
564
563
563
564
564
563
563
563
563
563
564
564
563
562
563
564
563
563
564
563
562
563
562
563
562
563
564
563
563
564
564
563
563
564
563
563
564
564
563
562
563
564
562
563
563
563
563
563
564
562
562
563
564
563
Intensidad
595
596
596
596
595
596
596
596
596
596
595
596
595
597
596
595
595
595
595
595
597
597
594
596
596
596
595
596
596
596
595
597
595
595
596
595
595
595
595
595
594
596
596
596
595
596
595
595
595
596
596
595
596
596
595
595
596
597
595
595
596
595
595
595
595
596
594
596
595
594
595
595
594
595
595
596
594
596
595
595
595
595
596
595
595
596
595
594
595
595
595
595
595
595
594
595
595
594
594
595
Intensidad
586
587
586
586
587
587
587
588
588
585
587
588
586
587
588
588
587
588
589
587
587
588
586
586
587
587
586
587
588
587
588
588
587
587
588
588
587
587
588
586
587
587
587
587
588
588
587
588
588
587
587
587
587
587
587
587
586
587
587
587
587
589
587
587
588
587
588
587
587
587
586
587
587
586
588
588
587
587
588
587
587
587
587
586
587
587
585
587
588
586
587
588
587
587
588
588
587
588
588
586
Intensidad
601
601
602
602
601
602
602
601
601
602
601
601
602
601
601
601
600
602
603
602
601
602
602
601
602
603
602
601
602
601
602
603
602
602
602
602
601
601
602
602
603
602
601
602
602
602
602
603
602
602
602
602
601
602
603
602
602
603
601
602
604
602
603
603
602
601
602
603
602
603
603
602
602
604
603
603
604
602
602
603
603
602
604
604
603
603
603
602
603
604
603
602
604
603
603
604
604
604
604
604
Intensidad
638
639
638
639
638
638
639
638
638
639
639
638
639
639
639
640
638
639
638
638
639
639
638
639
639
639
639
638
640
640
639
639
640
638
639
639
639
640
639
638
639
639
638
640
639
639
639
638
639
638
639
639
639
639
640
640
639
640
639
639
640
639
639
640
639
639
639
639
639
640
639
640
640
639
640
639
639
640
639
639
640
639
640
640
639
640
640
639
640
639
639
639
640
639
639
639
639
640
640
640
Intensidad
628
628
628
628
628
629
628
629
628
629
628
627
628
627
627
627
627
628
628
627
628
627
627
627
627
627
628
628
628
628
627
628
628
627
628
626
627
627
626
627
627
628
627
628
627
627
627
627
627
626
626
626
626
627
627
626
627
627
626
627
626
626
626
626
627
627
626
626
627
626
627
625
625
626
625
626
626
625
626
626
625
626
626
625
626
626
626
626
625
625
625
626
626
626
625
627
624
625
625
625
Intensidad
560
559
560
560
560
560
559
560
559
559
560
559
559
559
558
559
558
558
559
558
559
559
559
559
559
557
558
558
558
559
559
558
559
558
558
558
558
558
559
556
558
558
557
558
557
557
558
557
557
559
557
558
558
557
558
558
557
557
557
557
557
556
556
557
556
556
557
557
557
556
556
557
556
556
557
555
556
556
556
556
556
555
557
556
556
557
556
556
556
555
555
556
555
556
556
554
555
555
555
555
Intensidad
511
511
512
511
511
510
511
511
510
512
511
511
511
511
510
511
511
510
511
511
510
511
511
511
511
510
511
510
511
510
510
511
510
511
510
510
511
510
512
510
510
510
510
510
510
511
510
510
511
510
510
510
510
510
510
511
510
510
510
510
510
510
510
509
510
510
509
510
509
510
510
509
510
509
510
510
509
510
509
510
509
510
510
509
510
509
510
509
510
510
510
510
509
509
510
509
510
510
510
509
Intensidad
488
487
487
488
488
487
488
487
488
487
488
487
487
489
488
488
488
487
488
487
487
488
488
487
487
489
487
488
488
487
488
487
489
488
486
487
487
487
487
487
488
486
488
487
487
487
487
488
487
487
487
487
487
486
487
486
487
488
486
487
487
487
487
487
487
487
487
487
487
487
486
487
487
487
487
487
487
487
488
487
487
487
486
487
487
487
487
488
487
485
487
486
487
487
486
487
486
486
487
486
Intensidad
482
481
482
482
483
482
481
481
481
482
482
483
482
482
482
481
483
482
481
481
482
482
482
482
482
481
482
482
482
482
482
482
482
482
481
482
481
482
482
481
482
482
482
482
482
482
482
482
481
483
482
483
482
481
483
481
482
481
482
482
481
482
482
482
482
481
481
481
482
481
482
481
481
482
481
482
482
482
481
482
482
482
482
481
482
482
482
481
481
482
482
483
482
481
482
482
482
481
481
481
Intensidad
466
466
466
466
465
465
465
466
465
464
463
464
463
464
464
463
463
462
464
462
463
462
463
462
461
462
462
462
462
462
462
461
462
461
462
461
462
461
461
462
461
461
460
460
460
460
459
458
458
457
457
456
455
455
451
450
446
443
442
440
439
436
435
431
431
427
426
425
422
421
419
417
414
412
410
408
407
405
404
404
403
402
401
400
399
400
399
399
399
400
399
399
399
399
399
398
400
399
399
398
Intensidad
478
478
478
478
478
478
477
479
479
479
478
478
478
477
479
478
479
477
478
478
478
478
477
479
478
479
477
478
479
478
478
477
479
479
478
478
478
479
478
478
478
479
479
478
478
478
478
477
478
478
478
479
477
478
478
479
478
477
478
478
479
477
478
478
478
477
478
478
478
479
477
478
478
478
478
477
478
478
478
478
478
478
477
478
478
479
478
479
478
479
478
477
479
478
478
478
478
478
478
478
Intensidad
464
465
465
464
465
464
465
465
464
465
464
464
464
465
465
464
464
465
465
464
464
464
465
465
464
465
464
465
465
464
464
464
465
464
464
464
465
464
464
464
464
464
464
464
464
464
464
464
465
465
465
465
464
464
465
465
465
464
465
464
464
464
464
464
464
465
464
464
463
464
464
463
464
464
464
463
464
464
463
464
464
464
464
464
464
463
464
463
463
463
462
462
461
461
460
461
461
459
460
459
