Intensidad
704
703
703
703
702
702
703
702
702
703
703
702
701
703
703
702
702
702
703
702
702
702
702
703
701
702
702
703
702
701
703
702
702
701
702
702
702
702
702
702
702
702
701
702
701
701
701
702
702
701
702
703
702
702
702
703
703
701
702
702
701
701
702
702
702
702
701
702
702
701
701
703
702
701
700
702
702
702
701
701
702
702
701
703
702
701
700
701
703
701
701
702
703
701
701
702
702
702
701
701
Intensidad
633
633
632
633
634
635
633
634
635
635
634
634
635
633
632
634
633
634
634
634
635
634
634
634
635
634
633
634
635
633
632
632
633
633
632
632
635
634
633
634
635
634
634
633
634
633
632
632
633
632
632
633
634
634
634
634
634
635
633
632
633
633
632
632
633
634
633
633
633
634
634
633
634
634
634
632
632
632
631
630
630
630
632
631
632
634
635
634
633
634
634
633
632
631
631
630
630
631
634
633
Intensidad
561
560
562
561
561
562
562
561
562
562
561
562
563
561
562
562
561
562
562
561
561
562
561
561
563
562
562
562
562
563
562
563
562
562
562
563
563
562
562
562
562
563
563
562
562
563
562
561
563
562
561
563
562
562
562
562
562
562
562
562
562
563
562
561
564
562
563
562
562
562
564
562
561
563
562
562
564
564
562
563
564
562
562
563
562
563
563
562
563
563
563
562
563
563
563
563
563
562
563
563
Intensidad
588
589
588
589
588
588
588
589
588
588
589
590
589
589
590
589
589
589
589
589
589
590
589
588
590
589
590
590
590
590
590
591
591
589
591
591
589
590
591
590
590
590
591
590
590
591
590
590
590
591
590
590
591
591
592
591
591
591
591
591
590
590
591
592
590
591
591
591
591
592
591
591
591
591
591
591
593
592
592
592
593
591
592
593
591
591
594
592
592
592
593
592
591
593
592
592
593
593
592
592
Intensidad
645
646
646
645
646
646
645
647
647
646
645
646
647
646
645
647
647
647
646
646
647
646
646
646
647
648
646
647
647
646
647
646
647
647
647
646
647
647
647
647
647
648
647
648
646
648
648
647
647
648
648
647
647
647
648
647
647
649
648
647
647
648
648
648
647
648
648
647
648
649
649
648
648
648
649
648
648
649
649
648
648
648
648
649
647
649
649
649
647
649
649
648
648
649
649
649
648
650
649
649
Intensidad
674
675
673
673
674
675
673
673
675
675
674
674
673
674
674
673
675
675
674
674
674
674
674
673
674
675
674
674
674
675
674
673
674
674
674
673
673
674
675
674
674
676
674
674
673
674
675
673
674
675
675
674
674
674
674
675
674
674
675
675
674
673
675
675
674
674
674
675
674
673
674
674
673
673
674
674
675
673
674
675
675
674
674
674
673
674
673
674
674
675
674
674
674
674
673
673
674
674
673
674
Intensidad
678
678
678
679
679
677
678
679
678
678
678
678
678
677
677
678
679
677
677
679
679
676
677
677
678
677
677
678
678
676
677
678
678
677
676
678
677
677
677
676
678
677
677
677
678
677
677
676
678
677
677
677
677
678
676
677
678
678
676
676
678
677
676
677
678
676
677
676
678
677
676
677
678
676
676
676
677
677
676
676
676
677
678
676
677
676
676
675
676
676
677
676
676
676
677
676
676
677
677
675
Intensidad
679
680
679
679
680
680
680
679
679
679
681
680
679
680
680
680
680
680
680
679
679
680
679
680
679
679
680
680
679
679
679
680
680
679
679
680
680
680
679
680
679
680
680
681
679
679
680
680
680
680
679
680
680
680
680
679
679
680
679
680
679
679
678
679
680
679
679
680
680
680
679
678
678
681
680
680
678
679
680
680
679
680
678
679
679
680
679
679
679
680
681
680
678
679
679
680
680
680
678
678
Intensidad
736
735
737
737
736
736
736
736
735
735
736
736
735
736
737
737
735
736
737
737
736
736
736
737
735
735
736
736
736
736
736
737
736
735
736
737
736
735
736
736
737
736
736
737
737
737
737
737
737
736
736
737
737
737
736
736
736
736
735
736
736
736
736
736
736
736
736
736
736
737
736
735
736
737
735
735
736
736
736
736
736
736
736
736
736
737
736
736
736
737
736
735
735
736
736
736
735
735
736
736
Intensidad
750
751
750
750
750
750
750
750
751
750
749
750
751
750
749
749
750
750
750
750
750
750
751
751
750
750
750
751
751
751
751
750
750
750
750
749
749
750
751
750
750
750
750
750
750
749
749
751
751
749
749
750
750
751
751
750
749
750
750
750
750
749
750
751
750
750
750
750
751
751
750
749
750
750
750
749
750
749
750
751
750
749
750
750
751
750
749
750
750
750
750
749
749
751
751
750
750
750
750
750
Intensidad
692
692
692
692
691
692
692
691
691
691
693
691
691
691
692
691
692
692
692
692
691
691
692
692
691
691
691
692
690
691
691
692
691
691
692
691
691
691
692
691
690
690
692
692
691
691
691
691
691
691
692
691
690
691
691
690
690
691
691
690
690
691
692
691
691
692
691
690
691
691
690
690
690
691
690
690
691
691
692
691
690
691
691
691
691
691
691
690
690
691
690
690
691
690
690
690
691
691
691
690
Intensidad
661
660
661
660
659
661
660
660
660
661
660
659
660
661
660
660
660
661
660
659
660
661
659
660
660
661
660
660
661
660
659
660
660
659
660
660
660
660
659
660
660
660
660
660
660
660
660
661
659
660
659
659
660
658
659
660
659
659
659
661
660
659
660
659
659
659
659
660
659
659
660
660
658
660
660
659
659
660
660
659
659
659
660
658
659
659
660
658
659
659
659
659
659
660
660
659
659
660
659
659
Intensidad
659
659
659
659
658
659
660
659
659
660
659
659
659
659
660
659
660
658
659
660
660
659
659
659
660
659
659
659
659
659
658
659
659
658
658
659
660
659
658
659
659
659
658
658
659
660
659
660
660
659
659
659
659
659
659
659
658
659
659
659
658
658
659
659
658
657
659
659
658
657
659
659
658
658
658
659
658
658
658
659
658
658
657
660
658
659
658
658
658
659
658
658
659
659
658
658
658
659
658
657
Intensidad
634
635
635
635
635
634
635
635
635
634
635
635
635
635
635
635
635
636
635
634
634
635
635
635
634
635
635
634
634
635
635
635
635
634
634
635
636
635
635
635
636
636
634
635
636
635
635
634
635
635
635
634
634
635
636
634
635
635
635
636
635
634
634
636
635
635
635
635
635
635
635
633
635
635
635
635
634
634
635
635
634
634
635
635
635
634
635
634
635
636
635
635
636
635
635
634
634
635
636
634
Intensidad
584
584
583
582
582
582
583
583
582
581
583
582
582
581
581
582
583
583
581
582
583
582
582
581
581
583
582
582
581
582
582
581
581
581
582
582
582
580
580
581
582
581
580
581
581
581
581
579
579
581
581
580
580
581
581
581
580
579
580
580
580
579
580
580
580
579
578
579
580
579
580
579
580
580
580
579
578
580
580
580
579
579
578
579
579
579
579
580
580
579
578
578
578
580
578
578
579
579
579
578
Intensidad
540
541
542
540
539
539
541
541
540
540
540
542
540
540
541
541
539
539
541
540
538
539
540
540
540
540
540
541
541
539
539
539
540
538
540
540
540
539
540
540
541
540
538
540
540
539
539
540
540
540
539
540
540
539
539
540
539
539
538
539
541
539
540
539
540
539
538
540
540
538
539
539
540
540
539
539
539
540
539
539
539
539
538
539
538
539
538
539
540
540
539
538
539
540
538
537
539
539
538
538
Intensidad
531
532
532
534
532
533
533
532
533
533
531
532
532
530
532
532
532
533
534
532
533
532
532
533
532
531
532
532
532
531
532
531
532
532
532
533
532
533
533
532
532
532
532
532
531
531
532
532
531
532
532
532
533
533
533
533
532
531
531
531
531
532
532
531
533
532
532
532
532
533
533
532
533
533
532
533
532
532
532
531
531
532
532
531
533
532
532
533
532
532
533
532
532
533
532
533
532
533
533
531
Intensidad
527
526
527
528
527
528
528
527
527
527
527
527
528
527
528
527
526
527
527
526
527
526
527
527
527
528
527
527
527
527
528
527
527
527
528
528
526
527
527
528
527
526
528
527
527
528
527
528
527
527
527
526
527
527
527
527
526
528
526
527
526
526
527
526
527
528
527
528
527
528
527
526
527
526
527
527
527
527
526
527
526
527
527
526
527
527
527
527
526
528
527
526
527
526
527
527
526
528
527
527
Intensidad
528
528
528
527
528
527
529
527
529
527
528
528
528
527
528
528
529
528
528
527
528
528
529
528
528
528
528
527
527
528
528
528
528
528
528
528
528
529
528
530
527
529
528
528
527
529
527
529
528
529
527
529
527
530
529
529
529
529
529
529
528
529
528
529
529
528
528
529
529
529
529
529
529
528
529
529
529
529
528
528
529
528
529
526
529
527
529
527
529
529
531
529
529
529
529
529
528
528
528
528
Intensidad
539
540
539
540
540
540
540
539
541
538
540
540
539
541
539
539
539
540
540
539
540
539
539
540
540
540
539
541
539
541
541
540
540
539
541
540
540
539
539
540
540
540
541
540
540
540
541
540
540
541
539
541
540
540
539
541
540
539
542
541
540
541
541
541
540
541
541
539
542
540
541
539
540
541
540
543
541
541
541
541
541
540
542
541
541
541
541
542
540
543
541
542
542
541
542
541
542
541
541
542
Intensidad
551
550
551
548
550
549
548
550
549
548
549
548
550
549
548
550
548
550
551
550
551
550
551
550
549
551
550
549
551
549
550
550
550
551
550
551
551
550
552
550
551
551
550
551
551
550
551
551
550
552
551
551
551
551
551
551
552
551
550
551
550
550
551
549
551
550
550
552
552
552
552
550
551
552
551
551
550
551
550
550
549
550
550
551
549
551
550
551
551
551
550
551
549
550
549
548
551
549
550
551
Intensidad
578
576
578
576
577
579
577
578
578
577
579
578
577
578
578
578
578
577
577
577
577
577
579
578
578
579
578
579
579
578
578
579
577
578
578
577
578
579
577
579
578
578
578
579
578
579
577
577
578
578
576
579
578
579
579
579
579
580
579
579
579
579
579
579
579
578
579
578
578
580
578
579
580
579
580
579
579
579
580
579
580
580
578
579
579
578
579
579
579
580
579
579
580
580
579
581
580
579
580
580
Intensidad
601
602
602
601
602
602
601
602
602
601
600
601
601
601
601
602
602
601
602
601
601
602
602
600
602
602
602
602
603
602
602
602
601
602
602
602
601
602
602
603
601
602
602
601
603
603
601
602
603
603
602
603
602
601
602
603
602
601
602
602
602
603
603
603
602
604
602
602
603
603
603
603
603
602
603
602
603
602
603
603
601
603
603
602
602
603
603
602
602
604
602
602
603
603
602
603
604
602
604
602
Intensidad
613
613
614
613
614
614
614
614
614
614
614
613
614
613
613
613
614
614
614
613
614
614
613
614
614
614
614
614
614
613
612
614
613
615
613
613
613
615
614
614
614
613
613
613
615
614
611
614
614
614
614
614
614
613
613
614
614
613
613
614
613
613
613
613
614
614
612
614
614
614
614
614
614
613
612
614
615
613
613
614
614
613
613
614
614
614
613
613
614
614
613
613
614
614
612
614
614
613
613
613
Intensidad
597
597
596
597
598
599
597
597
596
598
598
597
598
596
597
597
597
598
598
597
597
596
596
598
597
597
597
596
597
596
597
597
597
596
596
597
597
597
596
597
595
596
596
597
597
596
595
596
596
597
596
597
596
595
596
596
596
597
596
596
595
596
596
597
597
595
595
595
596
596
595
596
595
595
595
595
596
595
596
594
595
596
595
597
595
595
594
595
596
595
596
594
594
595
595
595
595
594
594
593
Intensidad
540
539
539
539
541
538
539
539
539
539
539
539
539
538
539
539
538
538
538
538
538
538
538
538
538
537
538
537
538
537
537
537
537
538
538
538
538
536
537
537
537
537
537
536
537
537
537
537
537
537
537
536
537
535
537
537
536
536
535
536
537
536
536
536
535
535
536
536
536
535
533
535
535
536
536
535
535
534
534
535
535
535
534
533
534
535
536
534
534
533
535
535
535
534
533
534
533
534
535
533
Intensidad
462
464
464
463
462
462
462
463
463
463
464
464
462
461
462
462
462
463
463
462
462
461
462
462
463
462
463
464
461
462
461
461
462
461
462
462
462
461
461
461
462
461
462
462
461
462
461
460
462
462
461
462
461
462
461
460
461
462
460
462
460
461
461
460
460
460
461
461
462
461
460
461
460
459
460
461
460
462
460
460
461
459
460
460
461
461
460
460
460
459
459
460
459
461
461
460
460
459
459
460
Intensidad
452
453
453
451
452
452
453
453
452
453
453
452
452
452
452
453
453
454
453
452
451
451
451
453
452
453
454
453
452
451
452
453
453
452
453
452
451
451
452
452
453
453
452
452
452
452
453
452
453
453
452
452
451
451
452
452
453
453
452
452
451
452
452
453
453
453
452
452
451
452
452
452
452
453
453
452
452
452
451
452
453
452
453
452
451
452
452
452
453
452
453
453
452
452
451
451
452
452
453
452
Intensidad
451
452
452
452
450
451
451
452
452
452
452
452
451
450
451
451
452
452
452
452
451
451
451
451
452
452
452
452
451
450
451
451
452
451
452
452
452
452
451
450
452
451
452
452
452
452
451
451
452
451
451
452
452
453
452
451
451
451
451
451
452
453
452
452
451
452
451
451
453
452
451
453
452
450
451
452
451
452
453
452
451
452
451
452
450
451
452
452
452
453
451
451
451
451
452
452
452
452
451
451
Intensidad
455
456
456
455
455
455
454
455
456
456
456
458
457
456
456
455
454
455
455
454
457
456
456
456
456
455
455
455
455
456
456
456
456
456
456
456
455
456
456
455
455
456
457
456
456
456
456
456
456
456
455
456
456
456
457
456
455
456
456
456
455
456
456
456
456
457
457
457
455
455
455
455
455
456
457
457
456
457
456
456
456
455
455
456
456
456
457
457
456
457
455
456
456
456
455
456
455
456
457
457
Intensidad
464
464
464
462
462
463
463
463
464
463
464
464
463
464
463
463
463
462
463
462
463
464
463
464
464
464
464
464
464
463
463
463
463
463
464
463
463
464
464
464
464
464
464
464
464
463
463
462
463
464
463
463
464
463
464
464
464
464
463
462
462
464
463
463
464
463
463
463
465
464
463
463
464
463
462
462
463
463
463
464
463
464
463
464
463
464
464
463
464
463
463
463
463
464
464
463
464
464
464
465
Intensidad
464
461
463
462
463
462
461
462
462
462
463
462
462
462
463
464
463
464
463
463
462
464
463
463
463
464
463
463
463
462
462
463
463
462
462
462
462
462
462
462
462
463
463
462
463
463
463
464
464
464
463
463
463
464
463
463
462
463
462
463
464
462
462
462
462
462
462
463
463
462
463
463
463
463
463
463
464
463
463
463
464
463
463
462
463
462
462
463
462
462
462
462
462
462
463
463
463
463
463
461
Intensidad
460
459
461
460
461
459
460
461
461
460
461
461
460
461
461
460
459
460
460
460
459
460
460
460
459
460
459
459
459
459
460
460
459
459
459
459
459
459
460
459
460
460
460
460
461
461
459
460
460
461
460
461
461
461
461
460
460
460
460
460
460
459
459
460
460
461
458
459
460
459
459
459
459
459
460
460
461
460
460
459
460
460
461
461
460
461
462
461
461
460
461
461
460
460
460
459
459
459
460
459
Intensidad
456
456
456
456
456
456
456
457
457
456
457
457
457
457
456
456
456
456
456
456
456
456
455
455
456
456
455
456
455
457
456
455
455
457
455
457
457
456
457
457
457
456
456
456
456
456
456
457
456
457
456
455
456
456
456
455
455
456
456
455
456
456
456
456
456
457
457
457
457
457
456
456
457
457
456
456
456
456
456
455
456
456
456
456
455
455
455
456
456
456
456
457
456
456
456
456
456
457
457
457
Intensidad
453
454
453
454
454
454
453
453
453
453
452
452
452
453
453
453
453
453
453
453
454
453
453
453
455
454
454
454
453
454
453
453
452
452
452
453
453
452
452
453
454
453
453
454
455
454
454
454
454
454
454
454
453
453
453
452
453
452
452
453
452
453
452
453
454
453
452
454
453
454
455
454
454
453
454
454
454
453
452
453
453
452
452
452
453
453
453
453
453
452
454
454
453
453
453
455
452
453
453
454
Intensidad
457
455
456
455
456
456
456
456
457
457
456
457
458
457
457
455
456
456
456
456
455
455
456
456
457
457
457
456
457
457
457
457
456
457
457
456
456
455
456
456
456
456
458
456
457
457
458
457
456
456
457
456
455
456
456
457
456
456
457
457
457
457
458
457
456
456
457
456
455
456
455
457
457
456
457
457
456
456
457
458
457
456
455
457
456
456
456
456
456
457
457
457
456
457
457
458
457
457
455
457
Intensidad
467
468
469
468
467
467
467
467
467
466
467
468
467
468
468
467
468
468
468
468
467
467
467
468
467
468
467
467
468
468
467
469
467
468
468
469
467
467
467
467
467
467
467
468
467
468
469
468
469
468
469
469
467
467
467
467
467
466
467
467
468
468
469
468
468
467
468
469
468
467
466
467
468
467
468
468
468
469
469
468
469
468
469
468
469
468
468
467
468
468
468
468
469
469
468
470
469
468
469
467
