Intensidad
712
712
712
711
712
711
713
712
712
712
711
711
712
712
712
712
712
711
712
711
711
711
712
711
712
711
711
712
712
712
712
713
712
712
712
713
712
712
712
712
711
712
712
711
712
712
711
712
712
712
712
712
712
712
712
712
713
712
712
712
712
712
713
712
712
712
712
712
712
712
712
712
712
712
712
712
712
712
711
711
712
712
712
713
712
712
712
713
711
711
711
712
712
713
712
712
712
713
713
713
Intensidad
716
716
715
715
715
715
715
715
715
715
716
714
715
715
715
715
715
715
715
716
715
715
715
715
716
715
715
716
715
715
715
715
716
715
716
715
716
715
716
714
715
715
715
715
716
715
715
715
715
716
716
716
715
716
716
715
716
716
715
716
715
716
716
715
715
716
715
716
716
715
716
716
714
715
715
716
716
715
715
716
715
714
715
716
715
715
715
716
715
716
716
716
715
716
716
715
716
715
716
715
Intensidad
717
717
718
717
717
717
717
718
717
717
717
717
717
717
718
717
717
718
717
717
717
718
717
718
718
718
718
718
718
718
717
718
718
717
718
717
718
717
717
717
718
717
717
718
717
717
719
717
717
718
718
718
718
718
718
718
718
716
718
718
718
717
718
718
718
718
718
719
716
717
718
718
717
718
718
718
718
717
717
718
717
718
717
718
718
717
718
718
718
718
718
718
718
718
718
718
719
718
719
718
Intensidad
719
719
719
719
719
719
719
719
719
719
719
719
720
719
719
718
719
720
719
719
718
719
718
719
719
718
719
720
719
719
719
719
719
720
718
719
719
719
719
719
719
719
720
719
719
719
719
719
719
719
719
719
719
719
719
719
719
719
719
719
720
719
719
719
720
719
720
720
719
719
719
719
719
719
719
719
719
718
719
719
719
719
719
719
719
719
719
719
719
719
719
719
719
719
720
719
719
719
720
719
Intensidad
718
719
719
719
718
718
719
718
719
718
719
719
718
719
718
719
719
719
718
718
718
718
718
718
718
718
718
718
718
717
718
717
718
718
718
717
718
719
718
718
718
719
718
718
718
720
717
718
718
719
718
719
718
718
719
718
718
719
719
718
718
717
718
718
718
718
719
718
717
718
718
717
719
717
717
719
718
719
718
718
717
719
718
719
719
718
717
719
717
718
718
718
719
718
719
719
718
718
718
718
Intensidad
715
714
715
714
715
714
714
715
715
715
715
714
715
714
715
714
715
715
715
715
713
715
714
715
714
715
715
715
715
715
715
714
715
715
715
715
715
714
715
715
715
715
715
714
715
714
714
714
715
714
714
714
714
715
714
715
714
715
714
715
715
714
715
714
715
714
714
713
715
714
715
714
715
715
715
714
715
715
715
715
715
714
715
715
714
715
715
715
715
715
715
716
714
714
715
714
714
715
715
714
Intensidad
714
714
714
716
715
714
714
714
713
715
715
713
715
713
714
714
715
715
714
715
714
714
714
714
715
715
714
715
714
714
715
714
714
715
714
715
715
716
715
715
715
715
715
715
714
715
715
715
715
714
715
715
715
715
715
715
715
714
715
715
715
715
715
715
714
714
715
715
715
715
714
715
715
715
715
714
714
716
714
715
714
714
714
714
715
714
715
715
715
715
715
715
716
715
715
716
715
715
716
715
Intensidad
719
718
719
717
719
718
719
719
718
719
718
719
719
719
718
718
719
718
718
719
719
718
718
719
719
718
718
718
719
719
718
718
718
719
719
719
718
719
719
719
719
720
719
719
719
718
719
718
719
719
719
719
719
719
718
719
719
718
719
719
719
719
719
719
719
718
719
719
720
720
719
719
720
719
719
719
720
719
720
720
719
720
719
720
719
720
720
720
720
719
720
719
720
720
720
719
720
720
720
720
Intensidad
729
728
729
729
728
729
729
729
730
729
728
729
729
728
730
730
729
729
730
729
730
729
729
729
729
729
731
730
730
729
730
729
731
729
729
731
731
730
730
731
730
730
730
731
731
731
730
731
730
730
730
731
731
731
731
730
731
731
731
730
731
730
732
731
731
731
731
732
731
730
731
731
732
731
732
732
732
732
731
732
732
732
733
732
733
733
732
732
732
733
732
733
732
733
732
732
733
733
733
732
Intensidad
762
763
762
762
762
763
762
764
763
763
763
763
764
763
764
763
764
763
764
765
764
765
764
765
764
766
766
765
766
765
766
767
765
765
767
766
767
767
767
767
767
767
767
768
768
767
768
768
767
769
768
768
769
769
768
769
768
769
769
769
770
769
771
769
770
770
771
771
771
771
771
772
772
771
771
772
772
771
772
772
773
773
773
773
773
773
773
774
774
774
773
774
774
775
775
775
775
775
775
775
Intensidad
823
823
823
823
823
823
823
824
824
824
824
824
824
825
824
825
824
825
825
825
825
825
825
826
825
825
826
826
826
826
826
826
826
827
827
826
827
827
827
827
827
827
827
828
827
828
828
828
828
828
828
828
829
828
828
829
828
829
828
830
829
829
829
829
830
830
830
830
830
829
831
830
830
831
830
831
831
831
831
831
831
831
832
832
831
832
832
832
833
832
832
832
832
833
832
832
833
832
833
833
Intensidad
851
851
851
851
851
851
851
851
851
852
852
851
852
852
852
852
852
852
851
852
851
851
852
851
852
851
852
852
852
852
852
852
852
852
852
852
852
852
852
852
852
852
852
852
852
852
852
852
852
852
852
852
852
852
853
852
852
853
852
853
852
852
853
852
852
852
852
852
853
852
852
853
852
853
852
853
852
853
853
852
853
852
853
853
853
853
852
853
852
852
852
853
853
853
853
853
852
853
853
853
Intensidad
853
852
852
853
852
852
852
852
853
853
852
852
852
852
852
853
852
852
852
852
852
852
852
852
852
853
852
852
852
852
852
852
853
852
853
852
852
852
852
852
852
853
852
853
853
852
853
852
852
853
852
852
852
852
852
853
852
853
852
852
853
852
853
852
852
853
852
852
852
852
852
852
852
851
852
852
852
852
852
852
852
852
852
852
852
852
852
852
852
852
852
852
852
852
852
852
852
852
852
852
Intensidad
845
845
846
845
845
846
845
846
845
845
845
845
845
845
845
845
845
845
844
845
845
845
845
845
845
844
845
845
844
845
844
845
844
845
844
844
844
844
844
844
844
844
845
844
843
844
844
844
844
844
844
844
844
844
844
844
843
844
844
844
843
844
844
843
844
843
844
844
843
844
843
844
843
843
843
842
844
843
843
843
843
843
843
842
842
843
843
843
843
842
842
842
843
842
842
842
842
842
842
842
Intensidad
822
823
822
822
823
822
822
822
823
822
822
822
823
822
822
822
822
822
822
822
821
821
822
821
821
821
820
821
820
821
821
821
821
821
821
821
820
821
820
820
821
820
820
820
820
819
820
820
819
820
819
820
819
820
819
819
819
819
819
819
819
819
819
819
818
820
819
819
819
819
819
818
819
819
818
818
818
818
818
818
817
818
818
818
818
818
819
819
818
819
818
818
818
817
817
817
817
817
817
818
Intensidad
802
802
801
802
802
801
801
801
801
802
801
801
802
801
801
802
801
801
801
801
801
801
801
801
801
802
800
801
801
800
801
800
801
801
800
801
801
800
800
800
800
800
800
800
800
800
800
800
800
800
800
800
800
800
800
800
799
800
800
800
800
800
800
800
799
800
800
799
800
799
799
800
800
799
799
799
799
800
799
799
799
799
799
799
799
799
799
800
799
800
800
799
800
799
799
799
799
799
799
799
Intensidad
794
794
793
794
793
794
794
793
794
793
793
793
793
793
794
794
793
794
794
794
793
793
794
793
793
793
794
793
793
794
793
793
793
793
793
793
793
793
793
793
794
793
793
792
793
793
793
793
792
792
793
793
793
793
793
793
793
793
793
792
793
793
792
793
792
793
792
793
793
793
792
793
793
792
793
792
792
792
794
793
792
792
791
792
792
793
792
792
793
792
792
791
792
792
793
792
792
792
792
792
Intensidad
774
774
775
774
774
774
774
774
773
773
773
773
774
773
774
773
774
774
773
774
773
772
774
773
774
774
773
773
773
772
773
773
772
773
773
772
772
772
773
772
772
772
772
772
772
772
772
771
772
772
771
772
772
772
771
771
771
771
771
771
771
770
771
771
770
772
770
770
771
770
771
769
770
770
770
770
769
769
769
769
770
769
770
769
769
769
768
767
768
768
770
769
769
770
769
769
768
768
768
768
Intensidad
749
748
748
749
748
748
748
748
748
748
748
748
748
748
747
748
748
747
748
747
748
747
747
747
747
747
747
747
747
748
747
747
748
746
747
747
747
747
746
747
746
746
747
746
747
746
745
746
746
745
746
745
746
746
746
746
747
745
745
746
746
746
745
745
746
746
746
745
745
746
745
745
745
746
744
746
745
745
746
744
745
745
745
745
744
744
745
744
745
745
745
745
744
745
744
745
744
745
745
744
Intensidad
745
744
745
745
745
745
744
745
744
744
745
744
745
746
744
745
744
744
745
745
745
745
745
745
744
745
745
744
744
746
745
745
745
745
745
746
744
745
745
745
745
745
745
745
745
746
745
745
745
746
745
745
744
745
746
745
745
746
744
745
745
745
746
745
745
746
746
746
746
746
746
746
746
746
745
745
745
745
746
745
745
746
745
746
746
745
746
746
745
746
745
746
746
745
745
745
746
746
745
746
Intensidad
751
751
752
751
752
752
752
751
751
752
751
752
752
752
751
751
752
752
752
752
752
752
751
752
752
752
752
751
752
751
752
752
751
752
752
752
752
752
752
752
752
752
752
752
752
752
752
751
752
752
752
752
752
752
752
753
752
752
752
752
752
752
752
753
752
752
753
752
752
752
753
752
752
753
752
753
753
753
753
752
753
754
753
753
753
753
753
753
753
752
754
753
754
753
753
753
753
753
753
753
Intensidad
761
760
760
762
761
761
761
761
761
762
760
761
761
760
762
761
761
761
761
762
761
761
761
761
762
762
762
762
761
761
761
762
761
761
762
761
763
761
762
762
761
761
762
761
762
761
762
763
762
762
762
762
761
763
761
762
761
761
762
762
762
762
762
763
761
763
762
762
762
762
762
762
762
762
763
763
762
763
762
762
763
762
763
763
762
763
762
763
763
763
764
763
763
763
762
763
763
762
763
763
Intensidad
773
773
773
774
773
774
774
773
774
773
774
773
774
774
773
773
773
774
774
774
774
774
774
774
774
774
773
774
774
773
774
774
774
774
774
774
774
774
774
774
774
775
774
775
774
775
775
775
774
775
776
775
775
774
775
776
775
776
776
775
776
775
776
776
775
776
775
775
776
775
776
776
777
776
776
776
776
776
775
775
776
775
776
776
775
775
775
777
776
776
776
776
777
776
776
776
776
776
777
776
Intensidad
789
789
789
788
787
788
788
789
788
789
788
788
789
788
789
789
789
789
788
789
788
789
789
788
789
790
789
789
788
789
788
788
789
789
789
788
789
789
789
789
788
788
788
788
789
789
789
789
789
789
788
789
789
789
789
789
789
789
789
789
789
789
789
789
789
789
788
790
789
789
789
789
789
789
789
789
789
790
789
790
790
789
790
790
790
790
790
790
789
790
789
789
790
789
790
790
789
790
790
790
Intensidad
795
795
795
795
795
795
795
796
794
795
795
795
795
796
796
795
796
795
795
795
795
795
795
795
795
796
796
796
795
795
796
795
796
796
795
796
796
796
795
795
796
795
796
796
796
795
795
795
795
796
796
796
795
796
796
796
797
796
797
795
796
796
795
796
795
796
796
796
795
796
796
795
796
796
796
796
796
796
796
796
795
796
795
796
796
795
796
796
796
796
796
796
796
796
796
796
796
796
796
796
Intensidad
802
802
801
802
802
802
802
802
803
802
802
802
802
802
801
802
802
802
803
801
802
802
801
802
802
802
802
802
802
802
803
802
801
802
802
802
803
802
803
803
802
802
802
803
802
802
802
803
803
802
803
802
802
803
802
802
803
802
802
803
802
802
803
803
802
803
802
803
803
802
803
803
803
803
803
803
804
803
803
803
803
804
803
803
803
803
804
803
803
804
803
803
803
802
803
804
804
804
803
803
Intensidad
808
809
808
809
808
808
809
808
808
808
808
809
809
808
809
809
809
809
809
808
808
809
809
809
809
809
809
809
809
808
808
809
808
809
809
808
809
809
808
809
809
809
808
809
809
809
809
809
809
809
808
809
809
809
809
809
809
809
809
809
809
809
810
809
809
809
809
809
809
809
809
809
809
809
810
809
810
809
809
809
809
810
809
810
810
809
810
809
810
809
810
810
809
810
810
809
809
809
810
809
Intensidad
815
815
815
815
815
815
815
815
815
815
815
815
815
815
815
815
816
815
815
816
815
815
815
815
815
815
815
815
816
815
815
816
816
815
816
816
816
815
815
816
815
816
816
816
815
816
816
816
816
815
816
816
815
816
817
816
816
815
816
816
815
816
816
816
816
816
816
816
816
817
816
816
816
816
816
817
816
816
817
816
816
816
816
816
817
816
817
816
816
816
816
816
816
816
816
816
816
817
816
816
Intensidad
821
821
821
821
822
822
821
821
821
822
822
821
821
822
821
822
821
822
821
821
822
821
822
821
821
822
821
822
821
822
822
822
822
822
822
821
821
822
822
822
822
822
822
822
821
823
821
822
822
822
822
822
822
822
822
822
822
823
822
822
823
822
822
822
822
822
823
822
822
822
823
823
822
823
822
823
823
822
823
822
823
823
823
823
823
823
822
823
823
822
823
822
822
823
822
823
823
822
823
823
Intensidad
831
830
830
830
830
830
830
831
830
831
830
831
831
831
831
831
830
831
830
831
831
831
831
830
831
831
830
831
830
831
831
831
831
831
831
831
831
831
831
831
831
831
831
831
831
831
831
831
831
831
831
831
831
831
831
832
831
831
832
831
831
831
832
832
831
831
831
832
831
831
831
831
832
832
832
832
831
832
832
832
832
831
832
832
832
831
832
832
832
832
831
832
832
832
833
832
832
832
832
832
Intensidad
837
837
837
838
838
837
837
837
838
837
837
837
837
837
838
837
837
838
837
837
838
837
837
839
837
837
838
837
837
838
837
837
838
837
838
838
837
838
838
838
838
837
838
837
837
838
837
838
838
838
838
837
838
837
837
837
838
837
838
838
838
837
838
837
838
838
837
838
838
837
838
837
838
838
837
838
838
838
838
838
838
838
838
837
838
838
838
838
838
838
838
838
838
838
838
838
837
838
838
837
Intensidad
838
838
839
838
838
838
838
839
837
838
838
838
838
838
838
838
837
838
838
838
839
838
838
838
838
838
838
839
838
838
838
838
839
838
838
838
838
838
838
838
839
839
838
838
839
838
838
838
838
839
838
838
839
839
839
839
838
839
838
839
839
838
840
838
838
839
838
839
839
839
838
839
839
838
839
839
838
839
838
839
839
838
838
838
839
839
838
839
839
839
839
838
839
839
838
839
839
839
839
838
Intensidad
837
837
837
837
837
837
837
838
837
837
837
837
838
838
837
837
837
837
837
837
838
838
837
837
838
837
837
837
837
837
837
837
837
837
838
837
837
837
837
838
837
837
837
837
837
837
837
836
837
836
837
837
837
837
837
837
836
837
837
835
837
835
837
836
837
837
835
836
837
836
837
837
836
836
836
836
837
836
836
836
836
836
836
837
836
836
836
835
836
837
836
836
836
836
836
836
836
836
836
836
Intensidad
824
824
824
823
823
824
823
823
824
823
823
823
823
822
823
822
823
823
822
823
823
823
822
823
822
822
822
822
822
822
821
822
822
822
822
821
822
821
822
822
821
821
821
821
821
821
821
821
821
821
821
821
821
821
820
820
820
820
820
820
820
820
820
820
821
820
820
821
820
820
820
819
819
820
819
819
819
819
819
819
818
819
819
818
819
819
819
818
818
818
818
818
819
817
818
817
817
818
818
818
Intensidad
794
794
794
794
793
793
793
793
793
793
793
793
792
793
793
793
793
793
793
793
792
792
792
792
792
792
792
791
792
792
792
792
791
792
792
791
791
791
791
791
791
791
791
791
791
790
791
791
791
790
790
791
790
790
791
790
791
789
790
790
790
790
789
790
790
789
790
789
790
789
789
789
789
788
789
789
788
789
790
788
788
789
789
788
788
788
789
788
788
788
788
788
788
788
788
788
789
788
788
788
Intensidad
775
775
775
774
775
775
775
774
775
775
775
775
775
775
776
775
775
775
775
774
775
775
775
775
774
775
775
774
775
776
775
775
775
775
776
775
775
776
774
775
775
775
775
775
775
775
775
776
774
776
775
775
775
775
775
775
775
775
776
775
775
776
775
775
775
775
775
776
775
776
776
776
776
776
775
775
776
775
776
776
775
776
775
776
775
775
776
776
776
775
775
776
775
776
776
776
776
775
776
776
Intensidad
788
788
788
788
790
789
789
789
789
789
788
789
789
790
789
789
789
789
789
789
789
789
790
790
789
790
789
789
789
790
790
791
789
790
790
790
790
790
791
790
790
790
790
790
790
790
790
790
791
791
790
791
791
791
791
791
791
792
791
791
791
791
792
791
791
791
791
791
791
791
792
791
792
792
791
792
792
792
792
792
792
792
793
792
792
792
792
793
792
792
793
793
793
792
793
793
793
793
793
794
Intensidad
807
807
807
807
807
807
807
807
807
807
807
806
807
807
807
807
807
807
807
808
808
807
808
807
808
807
808
807
808
807
808
807
808
808
807
808
808
807
808
807
808
808
808
808
808
808
808
808
807
808
808
808
809
808
809
808
808
808
808
809
808
808
809
809
809
809
808
809
809
809
809
809
809
809
809
809
809
809
809
809
809
809
809
809
808
809
809
809
809
809
809
809
809
809
809
809
809
810
809
809
Intensidad
814
814
815
815
814
814
814
814
815
815
814
814
814
815
815
814
815
814
814
814
814
814
814
814
814
815
814
815
814
814
814
814
815
814
814
814
814
815
814
814
814
815
814
815
815
814
815
815
815
815
815
814
815
815
814
815
815
814
815
815
814
814
815
814
814
814
814
815
815
814
815
815
815
815
814
815
814
814
814
814
815
814
815
815
814
815
814
815
815
814
815
815
814
815
814
815
815
815
815
815
Intensidad
811
811
812
812
812
812
811
812
811
812
811
812
811
811
811
812
812
811
812
811
811
812
810
812
811
811
812
811
812
811
811
811
812
811
811
811
811
812
810
811
810
812
811
811
811
811
811
811
811
811
811
810
811
812
811
811
810
811
811
811
811
810
811
811
811
810
810
810
811
811
810
811
810
811
810
810
810
809
811
810
811
810
809
811
810
810
810
810
810
811
810
810
810
809
811
809
810
810
810
810
Intensidad
801
801
801
801
801
801
800
801
800
801
801
801
801
800
800
801
801
800
800
800
800
800
800
800
800
800
800
799
800
800
799
799
800
800
800
799
800
800
800
800
800
799
800
801
799
800
799
800
799
800
799
799
800
799
800
799
799
799
799
798
799
799
799
799
799
799
799
799
798
799
798
798
798
799
798
799
798
799
798
799
797
798
798
798
797
798
797
798
798
798
798
798
798
798
798
797
798
797
798
798
Intensidad
784
784
784
785
784
784
784
784
784
784
784
784
784
784
784
784
784
784
784
783
783
784
783
784
783
783
784
783
784
783
783
783
783
783
783
783
783
783
784
784
783
783
784
783
782
782
783
783
782
782
782
783
782
782
781
782
781
782
781
782
782
781
782
781
782
781
782
781
781
781
781
781
781
782
781
781
780
781
780
781
781
780
781
781
781
780
780
780
780
780
780
780
780
780
780
780
779
781
779
780
Intensidad
764
764
764
764
764
764
763
764
763
763
763
763
763
764
764
763
764
763
763
763
763
764
763
763
763
763
763
763
763
762
762
763
762
762
762
762
762
762
762
762
761
762
762
761
762
761
762
762
761
761
760
762
761
761
761
761
761
761
761
761
760
760
761
760
761
759
761
760
760
761
760
760
761
759
760
760
760
760
760
760
759
760
759
759
759
759
759
759
759
759
759
759
758
758
759
758
759
757
758
758
Intensidad
742
742
742
742
742
742
742
741
742
741
741
740
741
741
741
740
740
741
741
740
741
741
741
740
740
741
740
740
740
740
741
739
741
740
740
739
739
740
740
740
740
740
740
740
739
740
739
740
739
739
739
739
740
739
739
739
739
739
739
739
739
738
739
738
739
739
738
739
739
738
738
738
737
738
737
738
737
738
737
738
737
737
738
737
737
737
737
737
738
737
737
737
737
737
738
737
736
738
736
737
Intensidad
724
724
723
725
724
724
724
724
724
724
723
724
724
723
724
723
724
725
723
723
724
723
723
723
724
722
724
723
723
724
723
723
723
723
723
723
723
723
722
723
722
723
722
723
722
721
722
722
722
723
721
722
722
721
723
721
723
722
722
722
722
721
722
722
723
721
722
721
721
722
721
722
721
721
721
721
721
721
721
720
721
721
721
720
720
721
720
720
721
719
721
721
719
719
720
720
720
720
720
720
Intensidad
708
709
709
708
708
709
709
708
708
708
708
708
708
708
708
708
709
707
708
708
707
708
708
708
707
707
707
707
708
708
707
708
707
708
708
707
707
707
707
707
709
706
706
707
708
707
707
707
707
707
707
707
707
707
706
707
706
706
707
706
707
707
706
707
706
706
706
705
706
705
706
705
706
706
706
706
705
705
706
705
706
706
706
705
705
705
705
705
705
705
705
706
706
704
705
705
705
706
705
706
Intensidad
697
697
697
697
698
697
698
697
698
696
697
698
697
697
697
696
697
697
696
697
697
697
697
697
696
697
697
696
697
697
697
698
697
697
697
696
697
696
696
696
697
696
696
697
696
696
697
697
697
696
697
696
697
696
696
697
695
696
697
696
697
695
697
696
696
696
696
697
696
696
696
696
696
696
696
697
696
697
696
696
695
697
696
696
696
695
695
696
695
696
696
696
695
695
696
695
696
695
695
697
Intensidad
689
690
690
690
690
690
690
690
690
690
690
689
691
689
691
689
691
690
690
689
690
691
689
690
690
689
690
690
691
690
691
689
690
689
689
690
690
689
690
691
691
690
691
691
690
691
690
690
691
689
690
690
689
690
690
691
691
691
690
691
691
690
691
690
690
689
688
689
688
689
689
690
690
690
691
690
690
691
691
691
689
690
689
689
689
689
690
690
690
690
690
691
691
691
690
690
689
690
690
690
Intensidad
689
687
687
688
687
689
688
688
688
687
688
688
688
687
688
688
688
688
687
688
687
687
688
688
688
688
688
687
688
688
687
688
687
688
687
688
688
688
688
687
689
687
688
687
687
687
688
687
687
688
689
688
688
689
688
688
688
688
688
688
687
687
687
687
688
688
688
688
686
687
688
689
688
688
688
688
688
687
688
688
688
688
688
687
688
688
688
688
688
689
688
688
688
688
688
687
689
688
687
687
Intensidad
685
685
686
686
685
685
686
685
685
686
685
686
686
685
686
686
686
686
686
687
685
686
685
686
686
685
687
685
684
687
685
687
685
686
685
687
685
685
687
685
685
686
685
685
685
686
685
685
685
685
687
686
686
686
686
686
684
686
684
686
686
685
686
685
686
686
686
686
685
685
684
686
685
685
686
686
684
686
686
685
685
684
685
686
686
686
685
684
686
684
686
685
685
685
685
686
685
687
685
685
Intensidad
683
682
682
682
682
682
683
683
683
683
684
682
683
682
683
682
683
683
682
683
682
682
682
682
682
682
683
682
682
682
682
682
682
682
682
682
681
682
682
682
682
682
683
682
682
683
682
684
681
682
681
682
682
682
682
682
682
680
681
683
683
682
682
682
682
681
682
681
682
680
682
681
681
681
681
682
681
682
682
681
681
681
682
681
682
682
682
680
681
682
681
682
681
681
681
681
681
681
681
681
Intensidad
677
677
677
677
677
676
677
677
678
677
676
677
676
677
677
677
677
675
677
675
676
677
676
676
677
677
676
676
677
677
677
675
677
676
676
676
676
676
676
677
675
676
676
675
676
676
676
677
675
676
676
678
675
676
675
676
675
675
675
676
676
676
676
675
675
676
675
676
676
675
676
676
676
674
676
675
676
676
676
676
676
677
676
676
676
675
676
675
677
675
676
675
676
675
676
676
675
676
676
675
Intensidad
674
675
675
675
674
673
675
673
674
674
674
674
675
673
674
674
673
673
676
673
674
675
674
674
675
674
674
674
673
674
675
674
674
674
674
674
674
674
674
675
674
674
674
674
673
672
674
675
673
674
673
674
673
675
673
673
675
674
674
672
674
674
674
674
673
676
673
674
675
674
674
675
674
674
673
674
674
674
674
675
675
674
674
674
675
674
675
674
674
673
675
674
675
674
674
675
673
674
674
674
Intensidad
678
677
679
678
679
678
679
679
679
679
679
679
679
679
679
679
680
679
679
679
679
679
679
679
678
679
679
678
679
678
679
679
678
679
678
679
678
679
678
679
680
679
679
679
679
680
679
679
679
679
679
679
679
678
679
679
679
679
679
679
678
680
679
680
679
679
680
679
679
679
680
680
679
679
679
680
679
679
679
679
680
679
680
678
679
679
680
679
680
679
679
679
679
680
679
679
681
680
680
680
Intensidad
685
685
685
685
685
684
685
685
686
685
685
686
686
685
685
685
685
686
686
685
685
686
686
686
685
686
685
686
685
686
685
686
686
685
686
685
686
686
685
687
685
685
685
686
685
685
687
686
686
686
686
685
687
686
686
687
686
686
687
686
686
686
687
686
686
686
686
687
687
686
687
687
686
686
686
686
687
687
686
687
687
687
687
685
686
687
686
687
687
686
687
686
687
686
687
687
687
687
687
688
Intensidad
695
696
695
695
696
695
695
695
695
695
696
696
696
695
696
695
696
696
695
695
695
696
696
695
695
696
696
695
696
695
696
696
695
697
696
696
696
696
696
697
696
696
697
696
695
697
695
696
697
696
696
696
697
696
698
696
696
697
697
697
697
696
696
697
697
696
697
696
697
697
697
696
697
697
696
696
697
697
698
697
696
696
696
696
697
697
697
697
696
696
697
697
696
698
697
697
697
697
697
697
Intensidad
705
704
703
705
703
704
704
704
703
704
704
704
704
704
704
704
704
704
704
704
704
704
704
704
704
703
704
705
704
705
704
704
704
705
704
704
704
704
704
704
705
703
705
705
705
705
704
704
705
705
705
705
704
704
704
704
705
704
704
705
704
704
704
705
704
705
705
704
704
704
704
705
704
705
705
705
704
705
705
705
705
705
705
704
704
704
705
704
705
705
705
706
705
706
704
706
705
705
704
704
Intensidad
707
708
708
707
708
707
707
707
708
707
708
707
707
708
707
708
708
707
707
708
707
708
708
707
707
708
707
707
706
708
707
708
707
707
707
707
707
707
707
707
708
707
707
707
707
707
707
708
708
707
708
707
708
707
708
706
707
707
707
708
707
708
707
708
708
707
708
707
707
708
707
707
707
708
707
709
707
708
707
707
707
707
707
707
708
707
708
708
707
707
707
707
708
708
708
706
708
707
708
707
Intensidad
702
702
702
702
702
702
703
702
703
702
702
702
703
702
703
702
703
703
702
703
703
704
702
702
702
702
702
702
702
702
702
702
701
703
701
703
703
703
702
703
702
702
703
703
703
702
703
703
703
702
702
703
702
703
703
703
704
702
703
702
702
702
703
702
702
703
702
703
703
703
703
703
703
702
703
703
702
703
703
704
702
703
702
703
702
702
703
701
703
703
703
702
704
703
703
704
702
703
702
702
Intensidad
706
707
707
706
707
706
707
707
707
707
708
707
707
707
707
707
707
707
707
707
707
707
706
707
706
708
706
707
707
707
707
708
706
707
709
706
708
707
707
707
706
707
707
707
707
707
707
707
707
707
707
706
707
707
707
707
707
708
707
706
708
707
707
707
707
705
708
706
707
707
707
707
707
707
706
707
707
707
706
708
706
707
706
707
708
708
707
707
708
706
707
707
707
707
707
707
707
707
707
707
Intensidad
709
710
710
710
710
710
710
710
711
710
710
711
710
711
710
711
710
710
710
710
710
711
710
711
709
710
711
710
710
710
711
710
710
709
710
710
709
711
710
710
710
710
710
710
711
711
711
710
710
710
710
710
711
710
710
711
711
710
712
710
710
710
710
710
710
710
710
710
710
711
710
710
711
711
711
710
711
711
711
709
710
711
712
711
711
711
711
710
710
710
710
710
710
710
711
710
711
710
711
710
Intensidad
713
712
713
711
713
711
712
713
713
711
713
712
712
713
712
713
713
712
712
712
711
712
712
712
712
713
713
712
713
713
713
713
712
712
713
712
713
712
713
711
713
713
713
713
712
713
713
713
712
713
712
713
712
713
714
712
713
712
713
713
713
713
713
713
712
713
712
714
712
713
712
713
713
713
713
713
713
713
714
712
713
713
713
712
713
712
713
713
713
713
713
713
713
714
713
713
712
713
712
713
Intensidad
715
715
714
716
715
716
715
715
715
714
715
715
715
715
715
715
715
715
715
715
716
715
715
715
715
715
714
715
714
715
715
716
715
716
715
716
716
714
715
715
715
714
716
713
715
714
715
715
715
715
715
716
715
715
714
715
714
716
715
716
715
715
716
716
714
715
715
715
716
715
715
715
715
715
716
715
716
715
715
716
715
716
714
717
715
715
714
715
715
715
715
715
717
715
716
716
714
715
715
716
Intensidad
717
716
717
717
717
717
715
717
717
717
716
716
717
716
717
716
717
716
717
716
717
717
717
717
717
717
716
717
717
717
716
718
716
717
718
717
717
717
718
716
717
717
716
717
717
717
717
717
717
717
717
717
717
716
716
717
716
717
717
716
717
718
717
717
717
717
717
717
718
716
716
716
717
717
716
717
717
717
717
717
717
717
717
717
717
717
716
716
717
717
717
716
717
717
718
717
718
717
717
717
Intensidad
717
717
717
716
717
716
717
717
717
717
718
718
717
717
717
717
717
717
717
716
716
717
717
717
717
718
717
717
718
717
716
718
717
717
717
716
717
717
717
717
718
717
716
717
716
718
717
717
717
717
717
717
717
717
718
717
718
717
717
717
717
717
718
718
717
718
717
718
717
717
717
717
717
716
717
717
718
716
717
717
716
718
716
717
716
718
717
717
717
716
717
717
717
716
716
716
716
717
717
717
Intensidad
714
715
716
715
716
716
715
716
715
715
716
715
715
716
715
715
715
715
716
716
716
715
716
714
715
715
715
715
715
716
715
717
715
716
716
715
715
715
715
716
716
716
715
715
715
716
716
715
715
716
716
715
716
715
715
715
715
715
716
715
716
716
715
716
715
716
715
716
715
717
715
716
715
716
715
716
715
715
715
715
716
716
715
715
716
715
715
714
715
715
715
716
715
716
715
715
716
715
715
715
Intensidad
714
714
713
713
715
714
713
714
714
713
714
714
714
714
713
714
714
714
714
714
714
713
714
714
714
713
713
713
714
713
714
714
713
714
714
714
714
714
714
714
713
713
713
714
714
714
713
714
714
715
714
715
714
713
714
713
713
714
714
713
713
714
713
715
713
714
713
713
713
713
713
712
714
713
714
713
714
712
714
713
714
713
714
714
714
713
713
713
713
713
713
714
713
714
713
714
714
714
714
714
Intensidad
713
712
711
712
711
712
712
712
711
712
712
712
712
712
711
712
712
712
712
712
712
712
712
712
712
712
711
712
712
712
712
712
712
712
712
712
711
712
711
711
712
712
712
712
712
712
712
712
712
711
712
712
712
712
712
712
712
712
712
713
712
712
712
712
711
712
711
712
712
712
712
711
712
712
712
712
712
712
711
712
712
711
711
711
711
712
712
712
712
712
712
712
712
712
712
712
711
712
712
712
Intensidad
708
708
709
709
709
708
709
709
709
709
709
709
709
709
709
708
709
709
709
709
709
710
710
709
709
709
709
709
708
709
710
709
709
708
708
708
709
709
708
709
709
709
708
708
708
709
708
709
709
708
708
708
708
709
708
708
709
709
709
708
708
709
709
708
709
709
708
708
708
709
708
709
709
708
708
708
708
708
708
708
709
709
708
710
708
708
708
708
708
709
709
708
709
709
708
708
709
708
709
708
Intensidad
709
710
710
709
709
709
709
709
708
708
709
709
708
710
709
710
709
709
709
709
708
708
709
708
709
709
709
708
710
709
709
709
708
709
708
709
709
709
709
710
708
709
710
709
709
708
709
708
709
709
709
708
709
710
709
710
708
708
708
708
709
709
709
709
710
708
709
708
708
710
710
709
709
709
708
709
708
709
709
708
708
708
708
708
709
707
708
709
708
707
710
709
708
709
708
709
708
709
709
709
Intensidad
706
705
705
705
705
706
706
705
706
705
705
706
705
706
705
706
706
707
706
706
705
706
706
706
705
705
705
705
707
705
706
706
706
706
705
706
705
705
706
706
706
706
706
706
707
706
706
706
705
705
706
706
705
705
707
706
706
706
706
706
705
706
705
706
705
706
705
706
706
705
706
705
706
706
707
706
707
706
706
706
706
706
706
705
706
706
706
707
706
706
706
707
706
706
706
706
706
706
706
706
Intensidad
707
706
707
707
708
707
706
707
707
707
707
707
707
707
707
707
708
707
707
708
707
707
708
707
707
707
707
707
708
707
707
706
707
708
707
707
707
708
707
708
707
707
707
707
707
706
707
706
707
707
705
707
707
707
707
706
707
707
707
706
707
707
706
708
706
707
707
707
707
707
706
707
707
706
707
707
708
707
708
706
706
707
706
706
707
707
707
708
707
707
707
708
707
708
706
707
708
707
707
707
Intensidad
707
707
707
708
706
707
706
707
708
706
706
706
706
707
707
707
707
707
708
707
707
707
707
707
708
707
708
707
707
707
707
707
707
707
707
707
708
706
708
707
707
707
707
706
708
705
707
708
707
707
707
706
706
707
707
706
707
707
708
707
707
707
707
707
707
707
707
707
707
707
707
707
707
707
707
707
707
707
707
707
707
707
705
707
707
708
707
707
708
707
706
706
707
706
708
708
707
708
707
707
