Intensidad
732
732
732
732
733
732
732
732
732
732
733
732
732
733
732
733
733
733
733
733
733
732
733
733
733
733
733
733
733
733
733
733
733
733
733
733
733
733
733
734
733
734
733
733
734
734
733
733
734
734
733
733
734
733
734
734
734
734
734
734
734
734
734
734
734
734
734
734
734
734
735
735
734
734
735
734
734
734
734
735
735
734
735
735
734
735
734
735
735
735
734
735
735
735
735
735
735
735
735
734
Intensidad
736
737
737
737
737
737
736
737
737
737
737
737
736
737
736
737
737
736
737
737
737
737
737
737
737
736
737
737
737
737
737
737
737
737
737
737
737
737
737
737
738
738
737
738
738
738
738
737
738
738
738
737
737
737
738
738
738
738
738
738
738
738
738
738
738
738
738
738
738
737
738
738
737
738
738
738
738
738
738
738
738
738
738
738
738
739
739
739
739
739
739
738
739
739
739
739
739
739
739
739
Intensidad
758
758
759
758
759
757
758
758
758
758
759
759
759
759
759
758
758
759
759
759
759
759
759
759
759
760
759
759
759
760
760
760
760
759
759
760
760
760
760
760
759
760
760
761
761
761
760
760
760
760
760
761
761
761
761
761
761
761
761
761
760
760
761
761
761
761
761
761
761
761
761
761
761
761
762
761
761
761
761
761
762
762
762
762
761
762
761
762
761
762
762
761
762
762
762
762
762
762
762
762
Intensidad
778
778
778
779
779
778
779
779
778
779
778
779
778
779
778
779
779
778
779
779
779
779
779
778
779
778
780
779
779
779
779
779
779
779
780
779
779
779
780
780
780
780
780
779
780
779
780
780
780
780
780
780
780
780
780
780
781
780
780
781
780
780
780
781
780
780
780
781
780
781
781
780
781
781
781
781
781
780
781
781
780
781
781
781
782
781
781
781
781
781
781
781
781
782
781
781
782
781
782
782
Intensidad
788
788
789
788
789
789
789
788
789
789
789
789
789
789
789
789
789
789
789
789
789
789
789
789
789
789
789
789
789
789
790
790
789
790
789
789
790
789
790
790
789
790
789
790
790
789
790
790
789
790
790
790
790
789
790
790
790
789
789
790
790
790
790
790
790
790
791
790
790
790
790
790
791
790
790
790
790
790
791
790
790
791
790
790
791
791
791
791
790
791
791
791
791
791
791
790
791
791
791
792
Intensidad
797
797
797
797
796
796
797
796
797
797
797
797
797
796
796
796
796
796
796
797
796
797
797
796
796
796
797
796
796
796
796
796
796
796
796
796
796
796
796
795
796
796
795
796
795
796
795
796
795
796
796
795
795
796
795
796
795
795
795
795
796
795
795
795
795
796
795
796
796
795
795
795
795
795
795
795
795
795
795
795
795
795
795
795
795
795
795
795
795
795
795
795
795
795
794
794
795
794
795
794
Intensidad
774
774
774
774
774
774
774
773
774
774
774
774
774
774
773
773
774
773
773
774
774
774
774
773
773
773
772
773
772
772
773
772
773
772
771
771
770
772
771
772
773
772
771
772
772
773
772
771
772
772
772
772
772
772
772
772
772
772
772
771
772
772
772
772
772
772
772
772
772
772
772
772
772
772
772
772
772
772
772
772
772
772
772
772
772
772
772
772
771
772
772
771
772
772
772
772
772
771
772
771
Intensidad
773
773
772
773
773
773
773
773
773
773
773
773
773
773
773
774
773
773
773
773
773
773
773
774
773
773
774
773
773
773
773
774
773
773
773
774
774
773
774
774
773
774
773
773
774
773
774
774
774
774
774
773
774
773
774
774
774
774
774
774
774
774
773
774
774
774
774
774
774
774
774
774
774
774
775
774
774
774
774
774
774
774
774
774
774
775
774
774
774
775
774
774
774
774
775
774
774
774
775
774
Intensidad
786
785
785
785
785
785
785
785
785
785
785
786
785
786
786
785
786
786
785
786
786
786
786
786
786
786
786
786
786
787
786
786
786
786
786
786
786
786
786
787
786
786
786
786
787
786
787
786
787
786
787
787
787
786
787
786
787
787
787
787
787
787
787
787
787
787
787
788
786
787
787
787
787
787
787
787
787
787
786
787
787
787
787
787
787
788
787
787
787
787
787
787
786
787
786
786
787
786
785
784
Intensidad
800
800
800
800
801
800
800
800
800
800
801
800
800
800
801
800
801
801
801
801
801
801
801
800
801
800
800
801
800
801
801
800
801
800
801
801
802
801
801
801
801
801
801
801
801
802
802
802
802
802
801
801
802
802
801
802
802
802
802
801
802
802
802
802
802
802
802
802
802
802
802
803
802
802
803
802
803
802
802
803
803
802
803
803
803
803
803
803
803
803
803
803
803
803
803
803
804
803
803
803
Intensidad
817
818
817
817
817
817
818
818
817
817
817
818
817
818
818
818
818
818
818
818
818
818
818
818
818
818
818
818
819
818
818
818
818
818
818
818
818
818
819
818
819
819
818
819
818
818
819
818
818
819
819
819
819
819
819
819
819
819
819
819
819
819
819
819
819
819
819
819
820
818
819
820
819
820
820
819
820
820
820
819
820
820
820
820
820
820
820
820
820
820
820
820
821
820
820
820
820
820
820
820
Intensidad
828
828
829
828
828
829
828
829
829
828
828
828
828
828
828
829
829
829
829
828
829
829
828
828
828
829
828
828
828
828
828
829
829
829
829
829
829
829
829
829
829
828
829
829
829
829
829
829
829
829
829
829
829
829
829
829
829
829
829
829
828
829
829
829
829
828
828
828
829
829
828
828
828
828
829
829
829
828
828
829
829
829
829
829
829
829
829
829
828
829
829
829
829
829
829
829
829
829
829
828
Intensidad
821
821
821
820
821
821
820
820
820
821
821
820
820
820
820
820
820
820
820
820
820
820
820
820
820
820
819
819
819
818
819
818
819
820
819
819
819
819
819
819
819
819
819
819
818
819
818
819
819
818
818
818
817
818
818
818
818
817
818
818
818
818
818
818
817
817
817
817
817
817
817
817
817
817
817
817
817
817
817
817
817
817
816
816
816
816
816
815
816
816
816
816
816
816
816
816
816
816
816
815
Intensidad
772
773
773
773
773
772
772
772
771
772
772
771
771
771
771
771
771
771
770
770
770
770
770
770
770
769
769
769
769
769
769
769
769
769
769
769
768
768
767
767
768
767
767
768
767
767
767
766
767
766
766
766
766
766
765
766
765
765
766
765
766
766
765
765
765
764
764
764
763
764
764
764
763
764
763
763
764
763
763
763
763
762
763
762
761
761
762
761
762
762
761
761
761
761
761
761
760
761
760
760
Intensidad
712
712
712
712
712
713
712
712
712
712
712
712
712
712
712
712
712
712
712
712
712
712
711
711
711
711
711
712
712
711
711
712
711
711
712
711
711
712
711
711
711
711
711
710
711
711
711
711
711
711
711
710
711
711
711
710
710
711
711
711
711
710
711
711
710
711
710
711
711
710
710
711
711
710
710
710
710
710
711
710
710
711
709
710
710
709
710
710
710
710
710
710
710
710
710
710
710
710
710
710
Intensidad
705
705
705
706
705
706
706
706
706
706
705
705
706
705
705
706
705
705
706
706
705
705
706
704
705
705
705
705
706
705
705
705
705
704
705
706
705
705
705
705
705
705
705
705
705
705
705
705
705
705
705
705
705
705
705
705
705
705
705
705
705
705
705
705
705
705
705
705
705
705
705
704
705
705
705
705
705
705
705
705
705
705
704
705
705
705
705
705
704
705
705
704
705
704
704
704
705
704
705
705
Intensidad
703
703
703
703
703
703
703
703
703
703
702
702
703
703
703
703
703
703
703
703
703
703
703
703
703
703
703
704
703
703
703
703
703
703
703
702
703
703
703
703
703
703
703
703
703
703
703
703
703
703
703
703
703
703
703
703
703
703
703
703
703
703
703
703
703
703
703
703
703
703
703
702
703
703
703
703
703
703
703
703
703
703
703
703
703
703
703
703
703
703
703
703
703
703
704
703
703
703
703
703
Intensidad
707
707
707
707
707
707
707
707
707
707
707
707
706
707
707
707
706
707
707
707
707
707
707
707
706
707
707
707
707
707
707
707
707
707
707
707
707
707
707
707
707
707
707
707
708
707
707
708
707
707
707
707
707
707
707
707
707
707
707
708
707
708
707
708
708
708
707
707
707
707
707
707
707
708
707
707
707
707
708
708
708
708
708
707
707
708
708
708
708
707
707
708
708
708
708
708
707
707
708
708
Intensidad
713
713
713
713
713
713
713
713
712
712
713
713
712
713
713
713
712
713
713
713
712
713
713
713
713
713
712
713
713
712
713
712
712
712
713
712
712
712
712
712
713
712
712
713
712
713
713
712
713
712
712
712
712
712
711
712
712
712
712
712
712
712
712
712
712
711
712
712
712
712
712
712
712
712
712
712
712
712
711
712
712
711
711
712
712
712
712
711
712
712
711
711
712
711
711
711
711
710
711
711
Intensidad
695
695
695
695
695
695
695
695
695
695
695
695
695
695
695
695
695
694
695
695
694
695
695
695
695
695
694
694
695
695
694
695
695
694
694
695
695
695
695
695
695
695
695
695
695
695
695
695
695
695
695
695
695
695
695
695
695
695
695
695
695
695
695
695
695
695
695
695
695
695
695
695
695
695
695
695
695
695
696
696
695
695
696
696
696
696
696
696
696
696
696
696
696
696
696
696
696
696
696
696
Intensidad
732
732
733
733
733
733
733
733
734
734
734
734
733
734
734
734
734
734
734
735
735
735
735
735
734
734
735
735
735
736
736
737
737
737
737
737
736
736
737
736
736
737
736
737
737
738
738
738
738
738
738
738
738
739
739
739
739
739
739
739
740
740
740
740
741
741
741
741
741
741
741
741
742
742
742
742
742
742
742
742
743
742
743
743
743
743
744
744
744
744
744
744
744
743
744
744
744
744
744
744
Intensidad
764
764
764
764
763
763
763
763
763
763
763
764
763
763
764
763
763
763
763
764
763
763
763
763
762
763
763
762
762
763
763
763
762
762
763
763
763
762
762
762
762
762
762
762
762
762
762
762
762
762
761
761
761
761
762
762
762
762
762
762
761
762
761
760
761
761
760
761
761
761
761
761
761
760
760
760
760
760
760
760
760
760
760
760
760
760
760
759
759
759
760
760
760
760
760
759
759
759
759
759
Intensidad
718
718
718
718
718
717
717
718
717
717
717
717
717
716
717
717
717
717
716
716
716
716
715
715
716
716
716
715
715
715
715
714
715
715
714
715
714
715
714
714
715
714
714
715
714
714
714
714
714
714
713
714
713
713
712
713
713
713
713
712
712
712
712
712
712
712
712
712
712
711
712
711
711
711
711
712
711
710
710
711
710
711
710
711
710
710
710
709
710
710
710
710
710
710
709
710
709
708
709
709
Intensidad
682
683
682
682
682
682
682
682
682
682
682
682
682
682
681
681
682
683
682
682
681
681
681
681
681
681
681
681
682
681
681
681
680
680
681
681
681
681
680
680
681
680
680
680
680
680
681
680
680
680
680
680
680
679
679
679
680
680
679
679
680
679
679
679
678
679
679
679
679
679
679
679
678
678
678
679
679
679
678
678
678
678
678
679
678
679
678
678
678
678
677
677
678
677
678
678
678
678
677
677
Intensidad
664
664
665
665
665
665
664
664
664
664
664
664
664
664
664
664
664
664
664
664
664
664
664
664
663
664
664
664
664
663
664
664
664
664
663
664
663
663
663
663
664
663
663
663
663
663
663
663
663
663
663
663
662
663
663
662
663
663
663
663
662
663
662
663
662
662
663
662
662
662
662
662
662
662
662
663
662
663
662
662
662
662
662
662
662
661
662
662
662
662
662
662
662
662
662
661
661
662
662
661
Intensidad
658
659
659
658
659
658
659
659
658
659
658
659
659
659
658
658
658
659
659
659
659
659
659
659
659
659
659
659
659
659
659
659
659
659
659
659
659
659
659
659
659
660
659
660
659
660
660
660
660
660
660
660
660
660
660
660
660
660
661
660
660
659
660
660
660
660
660
661
660
660
661
660
660
661
660
661
660
661
661
661
661
661
660
661
660
661
661
661
661
661
661
661
661
661
661
661
661
661
661
661
Intensidad
678
678
678
679
679
679
679
679
679
680
679
679
679
679
680
680
680
680
680
680
680
680
680
681
680
681
681
680
681
681
681
681
681
682
682
682
681
682
682
681
681
682
682
682
681
682
682
682
682
682
682
683
682
683
683
683
683
683
684
683
683
683
683
684
683
684
684
684
684
683
684
684
684
684
684
684
685
684
684
685
685
685
685
685
685
685
685
685
685
685
686
685
685
686
686
685
686
686
686
686
Intensidad
704
704
704
704
704
704
704
704
704
704
704
704
704
704
705
704
704
704
704
704
704
705
704
704
705
705
705
705
704
705
704
705
705
705
705
704
705
705
705
705
705
705
704
705
705
705
705
704
705
705
705
705
705
705
705
706
705
705
706
706
706
706
706
706
706
706
706
706
707
706
706
706
706
706
706
706
707
706
707
706
706
706
706
707
706
707
707
707
707
707
707
707
707
707
707
707
707
708
708
708
Intensidad
731
730
730
731
731
731
731
731
731
731
731
732
731
731
731
732
732
732
732
732
732
732
732
732
731
732
732
732
733
732
733
733
732
733
732
732
732
733
733
733
733
733
733
733
733
734
733
733
733
733
734
733
733
734
734
734
734
734
733
734
734
734
734
734
734
734
734
734
734
734
735
735
735
735
735
735
735
735
735
735
735
735
735
735
735
735
736
735
736
735
736
736
736
736
736
736
736
736
736
736
Intensidad
754
754
753
754
754
754
753
753
754
753
754
754
754
754
753
754
753
753
754
753
754
754
754
754
753
754
754
754
754
754
754
754
755
755
754
755
754
754
755
754
755
754
755
755
755
755
755
755
755
755
755
755
755
755
755
755
755
755
755
755
756
755
755
756
755
756
756
755
755
756
755
755
755
756
756
755
756
756
756
755
755
756
756
756
756
756
755
756
756
756
756
756
756
756
756
756
756
756
757
756
Intensidad
765
766
765
765
765
765
766
766
765
765
765
766
766
765
766
766
765
766
766
766
765
766
766
766
766
766
766
766
765
766
766
766
766
766
766
766
766
765
766
766
766
766
766
767
767
766
767
766
766
767
766
766
767
766
766
766
765
766
767
767
766
766
767
767
766
766
767
767
766
766
767
766
766
767
767
766
766
767
766
767
767
767
767
767
767
767
767
767
767
767
767
767
766
767
766
766
767
767
767
767
Intensidad
776
776
776
777
776
776
776
777
777
776
777
776
776
776
777
776
777
776
776
777
777
777
776
776
776
776
777
776
777
777
778
778
778
778
778
778
777
778
777
777
777
778
778
777
777
778
778
777
777
777
777
777
777
777
777
777
777
777
777
777
777
777
777
777
776
776
777
778
777
777
777
777
778
777
777
778
777
777
778
778
778
778
778
778
777
778
779
778
778
778
778
778
778
778
778
778
778
777
778
778
Intensidad
791
791
791
791
791
791
791
791
791
791
791
790
790
791
791
791
791
791
791
791
791
791
791
791
791
791
791
791
791
791
791
791
791
791
791
792
791
791
791
791
791
792
791
792
791
791
791
791
792
791
791
792
791
792
791
792
791
791
791
791
792
791
792
791
791
791
791
792
791
791
792
791
792
791
791
791
791
792
791
791
791
792
791
791
791
791
791
791
791
791
792
791
792
792
792
791
791
791
791
791
Intensidad
792
792
791
791
791
792
792
792
791
792
792
792
791
791
792
792
792
792
792
792
792
791
792
792
792
792
792
792
792
792
791
792
792
792
792
792
791
792
792
792
792
792
792
792
793
792
792
793
792
792
792
792
793
792
793
792
793
793
792
792
793
793
793
792
793
792
793
793
793
792
792
793
793
792
793
793
793
793
793
793
793
793
793
793
793
793
793
793
793
793
793
793
793
793
793
793
793
793
793
793
Intensidad
799
799
799
799
799
799
799
799
799
799
799
798
799
799
798
799
799
799
799
799
799
799
800
799
799
799
799
799
799
800
799
799
799
799
799
799
799
799
799
799
799
799
799
799
799
799
799
799
799
799
800
799
799
799
799
799
799
799
799
799
800
799
799
799
799
799
799
799
799
799
799
799
800
800
799
800
799
799
800
799
800
800
800
800
800
799
800
800
800
800
799
799
799
800
800
800
800
800
800
800
Intensidad
800
801
800
801
800
800
800
800
800
800
800
800
800
800
800
800
800
800
800
800
800
800
800
800
800
801
800
800
800
800
800
799
800
800
800
800
800
800
800
800
800
800
800
801
799
800
800
800
800
799
800
800
800
800
800
800
800
800
800
800
800
800
800
800
800
800
800
800
800
800
800
800
800
800
800
800
800
799
800
800
799
800
800
800
800
800
800
800
800
800
800
800
800
800
800
800
801
800
800
800
Intensidad
797
797
796
797
797
797
796
797
797
797
796
797
797
797
796
796
797
797
796
797
797
796
797
796
797
796
796
797
796
796
796
797
797
797
796
797
796
797
797
797
797
797
796
797
797
797
797
797
796
797
796
797
797
797
797
796
797
797
797
797
797
797
797
797
797
797
796
797
797
797
797
797
797
797
797
797
797
797
797
797
797
797
797
797
797
797
797
797
797
798
797
797
797
797
798
797
797
797
797
798
Intensidad
749
751
751
752
754
756
758
759
760
762
764
765
767
769
771
772
775
777
779
781
783
785
787
789
790
791
792
794
795
796
794
779
785
788
789
788
789
790
792
792
791
791
792
793
791
791
792
792
793
792
792
793
793
793
793
792
792
794
794
793
793
793
795
794
794
794
793
794
795
795
795
795
794
795
794
794
795
794
793
794
794
795
796
795
795
795
794
794
794
794
793
792
792
791
790
788
787
786
783
780
Intensidad
803
805
804
804
804
804
804
804
804
804
805
805
804
805
804
804
804
804
804
805
805
804
804
804
805
804
804
805
805
805
804
805
805
806
805
805
805
805
805
806
805
805
805
805
805
805
805
805
805
806
805
806
805
806
806
806
805
806
806
806
806
806
807
807
807
807
808
808
807
807
807
807
807
807
806
807
808
808
809
809
809
810
810
809
809
809
809
809
809
809
810
811
810
811
811
810
810
809
810
810
Intensidad
820
820
820
819
818
818
818
818
817
817
817
817
816
817
818
817
816
817
817
817
817
817
817
817
817
817
816
816
816
815
813
814
814
815
815
814
813
812
813
812
812
811
810
810
809
809
810
809
810
810
811
810
811
811
809
810
810
809
811
811
809
811
811
812
811
811
811
809
811
811
812
811
810
812
813
811
812
812
813
812
812
814
812
813
814
814
813
814
815
814
814
814
813
813
814
813
815
814
815
816
Intensidad
832
832
832
832
831
831
831
832
832
832
831
831
831
831
830
830
828
828
825
825
825
824
825
826
825
826
825
827
827
827
827
826
826
825
826
825
825
826
826
826
826
826
826
826
826
826
826
826
826
827
826
826
827
826
826
826
827
826
827
827
827
827
827
827
827
828
828
828
828
828
828
828
828
828
828
828
828
828
828
828
828
828
828
828
828
826
827
824
826
827
828
828
828
828
829
828
828
827
827
827
Intensidad
817
817
817
818
817
817
818
817
817
817
817
817
817
817
817
817
817
817
817
817
817
816
816
817
816
817
817
816
816
817
817
816
817
816
816
817
816
816
816
816
816
816
816
816
816
817
816
816
816
816
816
816
815
815
816
816
816
816
815
815
815
815
816
816
816
816
816
816
815
815
815
815
815
815
815
815
815
816
816
815
815
815
815
815
815
815
815
815
815
815
814
814
814
814
815
814
814
814
813
813
Intensidad
807
807
807
808
807
807
807
807
807
807
807
806
807
807
807
808
807
807
807
807
807
807
807
807
807
807
808
806
807
807
807
807
807
807
807
807
808
806
807
807
807
807
808
808
807
807
807
807
807
807
806
806
807
807
807
807
808
807
807
807
806
807
807
807
807
807
807
807
808
808
808
807
806
806
806
806
807
806
806
807
807
808
807
806
806
806
807
807
807
806
807
807
807
807
807
807
807
807
808
806
Intensidad
813
812
813
814
813
813
813
813
813
813
813
813
813
813
813
813
813
813
813
813
813
813
813
813
814
813
813
813
814
813
813
814
814
813
813
812
812
813
813
813
813
813
813
813
814
813
813
813
813
814
814
814
813
813
814
813
813
813
814
814
813
813
814
813
814
813
814
814
814
813
813
813
813
814
814
814
813
813
814
812
812
811
810
811
810
810
810
812
812
812
812
812
812
812
811
810
810
813
813
814
Intensidad
815
815
816
816
816
816
816
815
815
814
815
815
816
815
814
815
815
816
815
815
815
815
815
815
816
814
815
815
815
815
816
816
816
815
815
815
815
815
815
814
815
815
815
816
815
815
815
815
815
815
815
815
816
816
815
815
816
815
816
816
815
815
815
815
816
815
814
815
815
816
816
816
815
815
815
816
815
815
814
816
816
815
816
816
815
815
815
815
815
816
815
815
815
816
816
816
815
815
816
816
Intensidad
812
812
813
813
813
812
812
812
812
812
812
813
812
812
812
812
812
813
812
811
812
812
813
813
812
812
812
812
812
812
811
812
812
812
813
812
812
812
812
812
812
812
811
812
812
813
812
812
812
812
812
812
812
812
811
812
812
812
811
812
811
811
812
812
811
812
811
812
811
811
811
811
812
812
811
812
811
812
812
811
812
811
811
812
811
812
811
811
811
812
812
810
811
811
811
812
812
811
811
811
Intensidad
788
789
789
789
789
789
789
787
788
790
787
787
789
789
789
788
790
789
788
789
789
789
789
790
791
789
789
790
791
792
789
789
791
792
792
790
791
791
792
792
791
791
791
792
791
791
792
792
791
792
792
790
791
792
792
791
792
792
790
790
791
792
792
790
791
792
792
790
791
791
792
792
791
792
792
789
790
791
791
790
791
791
791
789
789
790
790
791
790
789
790
791
791
790
789
791
790
790
790
791
Intensidad
779
779
779
780
779
779
780
780
780
780
779
779
779
779
779
779
779
778
779
778
778
779
778
778
778
778
778
778
779
778
778
778
778
778
778
778
778
778
778
778
777
777
778
777
777
777
777
776
777
777
777
777
777
776
776
776
776
776
777
776
776
776
776
776
776
776
776
775
776
776
775
775
776
775
775
775
775
775
775
775
775
775
775
775
775
775
775
775
774
774
774
774
774
774
774
774
774
774
773
774
Intensidad
745
747
746
746
746
746
746
746
746
746
746
746
745
744
744
744
743
744
744
744
745
745
745
745
745
744
744
743
743
743
743
743
743
744
744
744
744
744
744
743
743
743
743
743
743
743
743
743
743
743
743
743
742
742
742
741
742
742
742
742
743
742
743
743
742
742
741
741
741
741
741
742
742
743
742
743
742
742
741
740
740
740
740
740
741
740
741
740
739
739
738
738
738
737
737
735
729
709
679
658
Intensidad
725
724
724
723
724
724
724
723
724
723
723
722
722
722
722
720
720
720
720
719
719
719
719
720
719
719
718
715
715
715
714
711
712
712
713
713
713
715
716
715
716
718
717
718
718
719
718
718
719
719
718
719
719
719
719
718
719
719
719
719
719
719
719
718
719
719
719
720
719
720
719
720
719
719
719
719
719
719
719
719
718
719
719
719
719
719
719
719
719
719
719
718
721
722
722
722
721
720
720
721
Intensidad
710
712
712
711
712
712
711
712
711
711
712
712
712
712
711
711
712
713
712
712
712
711
711
712
712
711
712
710
711
712
711
712
711
712
712
711
712
711
711
711
712
712
712
712
712
711
711
711
712
711
711
711
712
712
712
712
712
712
711
712
711
710
711
711
712
710
710
712
712
713
711
712
712
711
711
713
712
711
711
711
713
713
711
711
712
712
712
711
712
712
712
712
713
712
712
711
712
711
712
712
Intensidad
721
721
722
721
722
721
721
721
721
721
720
722
721
722
721
722
721
721
721
721
721
721
721
721
721
721
721
721
721
721
721
721
721
721
721
721
721
722
722
721
721
721
721
722
721
721
721
721
721
722
722
721
721
721
721
721
722
721
721
722
722
721
721
721
721
721
722
722
721
722
722
721
721
721
721
721
721
721
721
722
722
722
721
722
721
722
721
721
721
721
721
721
722
721
721
721
722
721
722
722
Intensidad
713
713
713
713
714
714
714
713
714
714
713
713
714
713
714
714
714
713
714
713
714
714
713
713
714
713
714
713
713
713
714
713
714
713
714
715
713
715
714
714
714
714
715
714
713
713
714
714
714
712
714
714
714
714
714
714
714
713
713
713
714
714
714
715
713
714
713
714
714
713
714
714
713
714
714
714
714
714
714
714
714
714
713
714
714
714
714
714
714
714
714
714
714
714
714
713
714
713
714
713
Intensidad
722
722
722
722
722
722
721
722
721
721
722
722
722
722
722
722
722
721
721
721
721
721
721
721
722
721
721
721
721
722
721
721
721
721
722
722
722
721
721
721
721
722
722
722
722
722
722
721
722
721
722
722
722
721
721
721
721
721
721
721
721
721
721
721
721
721
721
721
721
721
721
721
721
720
720
721
721
721
721
721
721
721
721
722
721
721
721
721
721
720
721
721
721
720
721
721
721
721
721
721
Intensidad
719
719
719
719
719
719
719
719
719
719
719
719
719
719
719
719
719
720
719
719
719
719
719
719
719
719
719
719
719
719
719
719
719
719
718
718
719
719
719
719
719
719
719
719
719
718
719
719
719
719
719
719
719
719
719
719
719
719
718
719
719
719
719
719
719
719
719
719
719
718
719
719
719
719
719
719
719
719
719
719
718
719
718
718
718
718
719
718
718
718
718
719
719
719
719
719
718
718
719
719
Intensidad
716
716
716
715
715
715
715
715
715
716
715
715
715
715
715
716
715
715
715
716
715
716
716
716
716
716
716
716
716
715
715
716
715
716
716
716
715
716
716
715
715
716
716
715
716
716
716
715
716
715
715
715
715
716
715
715
715
716
715
715
715
715
715
715
715
714
713
712
712
712
712
711
711
711
711
712
712
713
713
713
714
714
714
714
715
714
715
715
715
715
715
715
715
716
715
715
715
715
715
715
Intensidad
716
717
716
717
716
717
716
717
717
717
717
717
716
717
717
717
716
716
716
717
716
716
716
716
716
716
717
717
716
716
716
716
716
716
717
716
717
717
717
716
716
716
716
716
716
716
717
716
717
717
716
717
716
716
717
716
716
717
715
717
716
716
716
716
716
716
716
716
717
716
716
716
716
716
716
716
716
716
717
716
716
716
717
717
716
717
717
716
716
716
716
716
716
716
716
716
716
716
717
716
Intensidad
715
715
714
715
715
714
715
714
715
715
715
715
715
716
715
715
715
715
714
715
715
715
715
715
715
715
715
715
715
715
715
715
715
715
715
715
715
715
715
714
715
715
715
715
715
715
715
715
715
715
714
715
715
715
715
715
715
715
715
715
715
715
715
716
715
715
714
715
715
715
715
715
715
715
715
715
716
715
715
715
716
715
715
715
716
715
715
715
716
716
715
716
715
715
715
715
715
716
716
716
Intensidad
714
714
714
715
715
715
715
714
715
714
714
715
714
714
714
714
715
715
714
714
715
714
714
715
714
714
714
714
714
715
714
715
714
714
715
715
715
714
714
714
714
715
715
715
715
714
715
714
715
714
714
714
714
715
715
714
714
714
714
715
714
714
714
714
714
715
715
715
714
714
715
715
714
714
715
714
714
714
715
715
715
714
715
715
714
714
713
714
714
715
715
714
714
714
713
713
713
713
713
713
Intensidad
715
715
715
715
716
716
715
715
715
715
715
715
715
715
715
715
715
715
715
715
715
715
715
716
715
715
715
715
715
716
715
715
716
715
715
715
715
715
714
715
715
715
715
715
715
715
715
715
715
715
715
715
715
715
715
715
715
715
715
715
715
716
715
715
715
715
715
715
715
715
715
715
716
715
715
715
715
715
715
715
715
715
715
714
715
715
715
715
715
715
715
715
715
715
715
715
715
715
715
715
Intensidad
714
714
715
715
715
715
715
715
715
715
715
715
714
715
715
714
715
715
714
715
715
714
714
714
715
714
714
714
715
715
715
715
715
714
715
714
714
715
715
715
714
715
715
714
715
715
714
715
715
715
715
715
715
714
715
714
715
714
714
715
715
715
715
715
714
715
714
715
714
715
714
714
714
714
714
714
714
714
714
713
714
714
714
713
714
714
714
714
714
714
714
714
714
714
714
714
714
714
714
713
Intensidad
710
710
711
711
710
706
709
706
707
707
708
707
709
710
710
710
709
710
710
710
710
709
710
710
711
711
710
710
710
709
709
709
707
710
709
710
709
707
710
711
707
709
709
709
707
707
708
708
708
708
709
708
708
708
709
708
708
707
708
708
708
709
708
708
708
707
708
708
708
708
709
709
708
708
708
708
708
708
709
709
709
708
709
710
709
709
709
709
708
708
710
708
708
710
710
708
709
708
707
704
Intensidad
702
701
702
702
702
703
702
701
701
701
702
701
701
700
701
702
703
702
703
703
703
702
702
703
702
702
702
702
702
701
701
700
700
701
701
701
701
701
700
700
700
700
700
700
699
700
700
700
700
701
699
700
699
699
698
698
700
701
701
701
702
702
701
701
701
701
700
700
701
702
702
702
703
702
702
702
702
702
702
702
702
702
702
702
702
702
702
702
702
702
702
701
701
701
701
702
701
701
701
700
Intensidad
699
699
699
699
699
700
699
699
699
699
699
699
699
700
699
700
699
699
699
699
699
699
699
699
699
700
699
700
699
699
699
699
700
700
700
700
700
700
699
699
699
700
699
700
699
699
699
700
699
700
699
700
700
699
700
700
699
700
699
700
699
699
700
700
700
700
700
699
700
700
700
700
699
700
699
700
700
700
699
700
699
699
699
699
699
699
699
700
700
700
699
700
700
700
700
700
699
700
700
700
Intensidad
706
706
706
706
706
706
706
706
706
706
706
706
706
706
706
706
706
706
706
706
706
707
706
706
706
706
706
706
706
706
706
706
706
706
706
706
706
706
706
706
706
706
707
706
707
707
706
706
706
706
706
706
706
706
706
706
706
706
706
706
707
706
706
706
706
706
706
706
706
706
706
706
706
706
707
706
706
706
706
706
706
706
706
706
706
706
706
706
706
707
706
706
706
706
706
706
706
706
707
706
Intensidad
704
704
704
704
704
704
704
704
704
704
704
704
704
704
704
704
703
703
704
703
704
704
704
704
704
704
704
704
704
704
703
704
704
704
704
704
704
704
704
705
704
704
704
704
704
704
704
704
704
704
704
704
704
704
704
704
704
704
704
704
704
704
704
704
704
704
704
705
704
704
704
704
704
704
704
705
704
705
705
704
704
704
704
704
704
704
704
704
704
704
704
705
705
704
704
704
704
705
705
705
Intensidad
700
699
700
700
700
700
700
700
701
700
700
700
700
700
700
699
700
700
699
699
699
699
699
699
700
699
700
700
700
700
700
699
699
700
699
699
699
700
700
700
700
699
700
699
700
700
699
699
700
700
699
700
700
699
700
699
699
700
699
700
699
699
700
700
700
700
700
699
699
698
698
698
697
697
698
698
698
698
699
698
698
698
698
698
698
697
698
697
697
697
697
697
697
697
697
697
695
692
687
681
Intensidad
708
709
709
709
708
709
709
709
709
709
709
709
709
709
709
709
709
709
709
708
708
708
709
710
709
709
709
709
709
709
709
710
709
709
709
709
709
710
709
710
710
710
709
710
709
710
709
710
710
710
710
710
710
709
709
710
709
709
710
709
710
710
709
710
710
709
710
710
710
711
711
710
709
710
710
710
710
710
709
710
710
711
710
711
711
711
711
711
711
710
710
711
710
710
711
710
710
710
710
711
Intensidad
715
715
715
715
715
715
715
714
715
715
716
715
715
715
714
715
715
715
715
715
715
714
715
714
715
714
714
715
714
715
714
715
714
715
715
716
716
716
716
716
716
716
716
716
716
715
715
714
715
714
714
714
715
715
714
714
713
713
713
713
713
712
713
712
713
712
712
712
712
712
712
711
712
712
712
712
712
712
713
713
714
713
713
714
713
714
714
714
714
714
714
714
714
714
714
714
714
715
714
714
Intensidad
719
718
719
719
718
718
719
718
719
719
719
719
718
718
718
719
719
719
719
719
719
719
720
719
719
719
719
719
720
719
720
719
720
719
719
720
720
720
720
719
720
720
719
720
720
720
720
719
720
720
720
720
720
720
720
720
720
720
720
720
720
720
720
720
720
720
720
720
720
720
720
720
721
720
720
721
720
721
721
721
721
721
721
721
720
721
720
720
721
721
720
720
719
720
720
720
721
721
721
721
Intensidad
743
743
744
743
743
744
744
743
743
743
744
744
744
744
743
744
744
744
744
744
744
744
744
744
744
744
745
744
745
744
745
745
744
745
745
744
745
746
745
745
745
746
746
746
745
746
745
746
745
746
746
746
746
746
746
747
746
747
746
746
746
746
746
746
746
746
746
747
747
747
745
741
736
736
734
735
736
736
735
737
739
739
739
739
739
740
740
741
741
743
743
742
741
742
741
741
740
739
739
741
Intensidad
762
763
763
763
763
763
763
763
763
763
763
763
763
763
762
763
763
763
763
763
763
762
763
763
763
763
763
763
763
763
763
764
763
764
763
764
764
763
763
764
763
764
763
764
764
764
764
764
764
764
764
764
764
764
765
764
764
765
764
764
764
765
764
764
765
764
764
764
764
764
765
764
764
764
765
764
764
764
764
764
764
764
764
763
765
764
764
764
764
764
765
764
764
764
765
765
765
765
764
764
Intensidad
775
775
775
775
775
776
775
776
775
775
775
775
775
776
776
775
776
776
776
775
775
776
776
775
776
775
775
776
775
776
776
776
776
775
775
775
775
776
775
775
775
775
775
776
775
776
775
775
776
776
776
776
776
776
776
775
775
775
775
776
775
775
776
776
776
776
775
775
775
775
775
776
775
775
776
775
776
775
775
775
775
775
775
775
774
775
776
775
776
775
775
775
775
775
775
775
775
775
775
775
Intensidad
769
769
769
770
769
770
770
770
769
769
769
769
769
770
769
769
770
770
769
769
769
770
770
770
769
770
769
770
770
770
770
770
770
769
769
770
770
770
769
769
770
770
771
770
770
770
770
771
770
770
770
770
771
770
770
770
771
771
771
771
770
770
770
770
771
771
771
771
770
771
770
770
771
771
771
771
771
770
770
771
770
771
771
772
771
770
771
772
772
771
771
771
771
771
771
771
772
772
772
772
Intensidad
782
782
781
782
782
782
782
782
782
782
782
783
782
783
782
783
783
782
782
783
782
782
783
783
783
782
782
783
783
782
783
783
783
783
783
783
782
783
783
783
783
783
783
783
783
783
783
783
783
783
782
783
783
783
783
783
783
783
784
783
783
783
784
784
784
783
783
784
783
784
784
784
783
783
783
783
784
784
784
784
783
784
783
784
784
783
784
784
784
784
784
783
784
784
784
784
784
784
784
784
