Intensidad
436
438
435
436
438
436
436
437
438
436
437
437
437
437
438
437
437
438
434
437
434
436
436
437
435
436
435
439
436
437
438
436
435
437
437
436
439
437
437
436
435
437
437
438
437
438
437
437
435
437
436
439
435
435
439
435
436
439
436
436
438
437
437
437
436
435
438
437
438
437
436
436
437
437
437
437
438
435
437
434
437
438
436
438
437
434
435
437
437
437
436
436
438
437
437
438
437
438
437
438
Intensidad
441
441
440
440
441
442
439
439
442
441
442
440
442
440
442
442
440
442
441
439
439
441
442
442
442
441
442
441
441
441
441
441
441
442
441
442
442
441
441
440
441
442
440
441
440
441
438
441
439
441
441
440
443
441
441
442
441
440
442
441
441
440
441
439
441
440
440
440
441
441
441
440
442
440
441
442
443
442
439
442
441
438
440
440
442
443
441
442
443
442
441
439
440
442
441
441
441
443
442
441
Intensidad
448
448
446
446
449
448
444
448
448
449
448
447
448
449
447
448
445
447
449
449
447
448
450
447
448
449
447
448
448
447
450
447
446
447
446
448
449
447
446
450
448
445
448
449
449
448
447
448
448
449
449
448
449
448
448
448
449
447
447
445
448
447
448
448
448
449
449
447
448
449
448
445
448
447
449
449
447
446
447
447
448
448
446
449
448
448
449
446
447
449
448
447
447
450
448
449
449
448
449
449
Intensidad
452
455
454
455
456
456
454
455
455
455
456
453
455
454
452
454
455
455
454
457
452
454
453
455
454
454
452
453
457
452
455
456
455
454
457
455
453
455
455
456
453
454
455
455
455
453
455
456
455
454
454
454
455
454
453
454
455
455
455
455
454
454
453
455
456
455
456
455
455
455
453
456
454
453
454
454
456
455
453
456
456
456
455
453
451
455
455
454
455
455
453
454
455
456
455
455
454
454
455
455
Intensidad
458
457
460
460
458
461
460
458
460
457
460
459
460
459
460
457
459
459
457
459
458
459
456
459
457
460
456
458
459
460
458
456
458
457
456
455
458
455
457
459
458
457
458
458
457
458
456
458
458
456
459
459
459
458
458
458
456
459
458
459
457
458
456
458
456
459
458
461
457
457
460
459
458
459
458
457
458
458
458
460
456
458
460
458
458
457
459
457
460
458
459
459
459
457
459
457
458
458
458
459
Intensidad
464
464
466
464
465
466
467
466
467
466
465
466
467
464
468
466
466
468
466
466
465
468
465
464
464
464
465
465
466
465
468
467
467
467
468
466
463
465
465
464
467
465
467
465
466
467
465
465
464
464
465
467
467
466
464
465
466
463
463
466
464
467
465
463
467
465
466
467
466
466
466
464
465
466
465
466
465
463
465
465
467
466
467
466
465
465
466
464
465
464
466
465
466
465
465
465
465
465
463
465
Intensidad
471
470
470
471
470
470
468
467
470
469
469
469
471
468
471
469
470
472
470
469
471
469
471
472
470
471
471
470
470
471
470
469
471
469
471
472
471
470
469
469
469
467
470
469
468
470
470
471
470
470
472
470
469
472
468
469
470
467
470
471
470
469
471
471
468
472
469
469
470
469
470
471
470
471
471
471
467
470
471
470
471
471
470
470
471
469
468
470
470
470
471
468
470
470
470
470
470
467
470
469
Intensidad
471
470
471
471
469
468
470
469
472
470
472
468
471
470
469
470
468
469
471
468
467
471
469
469
470
468
469
469
468
468
467
467
470
471
469
469
471
469
469
472
470
471
472
472
474
473
473
473
471
473
475
473
475
474
474
475
475
475
476
478
475
477
476
475
476
475
476
478
476
477
478
476
475
476
476
477
477
476
474
477
476
475
477
477
475
476
476
474
476
475
475
478
476
474
478
477
475
478
476
475
Intensidad
480
482
481
480
479
480
480
480
481
480
479
480
480
479
482
481
482
480
480
481
481
481
480
481
480
482
480
479
481
480
481
480
480
478
480
481
481
481
479
479
480
480
478
481
481
480
480
480
481
481
481
481
481
481
479
481
481
483
480
481
480
481
480
482
479
481
480
480
480
482
481
480
479
481
481
481
480
479
480
480
480
480
477
479
479
481
479
480
479
481
482
478
480
481
481
479
482
482
479
478
Intensidad
483
485
484
484
482
482
484
480
482
484
483
484
482
484
485
481
484
484
480
485
484
483
484
484
485
483
484
481
484
483
480
483
483
484
483
482
483
483
484
482
481
480
482
482
483
480
482
483
481
480
480
482
482
481
480
480
480
478
480
479
476
479
478
478
476
475
472
475
472
470
471
469
471
470
468
469
466
468
465
466
467
465
465
466
467
467
468
468
469
468
465
469
468
466
467
467
469
471
469
471
Intensidad
487
485
484
483
484
482
483
485
486
483
486
484
485
486
485
484
484
483
485
484
487
485
484
485
483
482
487
483
484
486
485
484
487
483
483
486
485
486
486
483
483
485
486
485
486
483
483
486
483
485
486
483
482
485
485
486
483
485
486
486
486
486
485
483
485
486
485
484
486
484
485
485
484
486
485
483
483
486
485
486
485
485
485
486
485
486
485
485
485
484
484
485
483
485
486
485
486
487
486
484
Intensidad
485
483
485
486
485
485
483
485
486
486
484
486
485
484
485
485
484
483
483
485
486
484
485
485
484
485
486
485
484
486
483
484
486
486
485
485
483
485
486
484
484
485
484
482
484
484
483
486
484
484
486
486
483
486
486
484
485
485
485
486
486
486
486
485
486
487
482
483
486
484
484
486
484
485
487
484
486
485
486
485
485
485
486
485
485
484
482
485
485
486
485
486
485
485
486
485
485
486
484
484
Intensidad
487
486
485
486
486
488
484
484
486
486
485
487
486
486
488
485
486
488
487
485
487
485
487
487
486
485
486
486
488
487
487
487
486
488
486
486
485
486
486
486
487
485
486
488
486
484
489
487
485
488
487
487
485
486
485
485
486
485
488
484
485
488
487
486
487
488
485
484
487
485
487
485
486
485
488
486
487
486
487
488
487
487
487
484
485
484
486
486
486
487
486
484
487
486
485
484
488
487
487
488
Intensidad
488
485
486
486
486
487
487
488
486
489
488
484
487
486
487
486
488
487
488
485
486
488
488
487
488
485
489
489
487
487
489
488
486
488
488
487
489
487
487
486
487
486
488
487
488
486
488
487
487
487
486
487
487
489
489
487
488
488
488
488
485
486
485
488
486
486
488
487
487
488
487
485
489
487
488
488
486
487
488
487
488
488
488
487
487
487
488
487
487
488
487
486
488
487
487
487
488
488
488
487
Intensidad
484
484
484
481
483
484
484
484
484
482
486
484
483
483
481
483
485
483
483
485
482
483
483
484
484
484
483
483
484
484
483
484
484
483
483
484
484
482
484
483
484
485
483
482
485
485
482
484
482
484
485
483
484
484
484
483
485
484
484
481
485
483
483
482
483
484
482
484
483
486
481
484
481
485
483
481
482
484
484
485
483
482
482
483
486
484
482
482
483
483
485
484
483
485
484
483
485
482
482
482
Intensidad
485
482
485
484
484
485
485
485
484
487
482
484
485
484
485
484
486
485
487
483
484
486
483
484
487
486
485
485
487
486
486
486
484
485
483
484
484
485
482
485
487
486
485
487
484
484
485
486
483
486
486
485
485
485
486
486
484
485
486
486
486
485
485
485
485
484
486
486
485
483
485
486
484
485
486
486
484
485
483
485
486
486
484
484
484
484
486
485
485
486
485
485
485
482
485
486
483
484
485
485
Intensidad
480
479
479
479
478
478
478
479
480
479
479
480
479
481
480
479
479
480
481
480
478
480
479
478
479
479
478
480
479
481
480
480
480
480
478
481
479
479
482
479
480
481
478
479
479
478
477
481
481
479
480
478
479
480
480
479
480
481
480
481
479
481
480
479
480
481
481
480
481
480
480
479
480
480
480
479
479
482
481
478
480
481
480
481
482
478
482
482
480
481
481
480
481
481
480
480
480
480
479
480
Intensidad
477
476
475
478
479
477
477
476
478
478
478
477
477
479
478
478
477
475
477
478
478
477
478
479
477
476
477
476
478
478
477
478
479
478
479
477
477
479
478
476
478
478
476
478
478
478
478
479
478
477
478
477
477
477
474
477
478
478
478
478
478
478
478
476
478
478
477
478
478
476
477
479
478
476
477
476
478
478
476
477
476
479
476
478
478
477
478
477
477
477
478
475
477
478
477
477
476
478
477
477
Intensidad
473
473
475
474
473
473
473
470
474
472
472
473
470
473
474
474
472
473
472
473
475
472
472
472
475
473
473
473
474
474
474
473
473
473
474
472
473
474
474
473
474
472
474
473
474
473
473
473
473
473
473
474
472
472
473
474
474
473
473
474
473
472
474
473
473
475
473
474
473
472
472
470
471
472
473
473
473
473
473
475
473
473
473
471
473
475
472
474
471
472
473
474
473
471
474
472
473
474
472
471
Intensidad
471
473
472
471
468
472
469
468
472
471
471
472
472
470
472
471
469
472
472
470
471
471
471
471
472
470
470
472
470
470
472
471
468
470
470
471
473
471
472
473
471
470
471
470
473
469
470
471
472
471
469
471
472
471
472
471
470
471
470
470
470
472
471
471
472
471
471
472
469
471
472
471
472
471
471
469
472
469
472
471
468
470
470
472
471
473
470
471
473
469
471
472
471
470
472
472
470
473
472
471
Intensidad
468
468
469
467
466
465
466
466
466
468
466
466
467
468
468
467
468
465
466
465
468
466
465
468
468
467
467
466
464
467
468
465
469
468
467
469
468
467
469
465
466
467
465
466
467
468
468
468
469
467
469
466
467
468
468
467
468
468
466
470
467
466
467
468
468
467
467
465
467
465
465
468
467
468
468
467
468
468
467
468
468
467
467
468
467
468
467
467
468
467
468
467
468
468
467
467
467
468
467
466
Intensidad
463
463
464
464
463
464
465
463
463
464
463
463
463
464
465
464
464
464
464
463
463
462
464
465
464
464
464
463
465
463
463
462
464
462
463
464
464
465
464
465
463
463
464
464
463
463
463
464
463
464
463
462
462
463
464
464
464
464
463
465
464
462
464
463
464
463
464
464
464
464
464
465
464
463
463
463
464
462
463
465
464
464
463
463
463
464
465
463
463
463
464
465
465
464
464
464
464
464
464
463
Intensidad
460
461
460
460
461
461
460
461
458
459
460
462
461
461
460
462
460
462
461
460
459
459
461
460
462
461
461
462
460
459
462
460
461
462
459
460
461
461
461
462
459
460
462
459
460
460
461
460
460
459
461
463
461
460
461
461
461
462
461
461
461
460
461
462
460
459
460
461
461
461
460
461
461
461
461
462
460
460
461
461
459
462
461
459
461
460
460
461
461
461
461
461
462
461
462
462
462
461
458
461
Intensidad
453
454
455
456
453
454
456
456
454
454
456
455
455
454
454
456
454
454
455
453
454
456
456
455
456
453
454
454
455
453
455
456
456
455
455
455
455
453
456
456
453
454
455
456
453
455
455
454
454
455
453
455
454
457
456
453
456
456
454
456
452
454
456
454
454
457
456
454
455
453
454
455
453
455
456
455
455
455
454
454
454
453
454
455
455
455
456
456
454
454
455
452
454
453
452
455
453
456
453
455
Intensidad
447
450
450
448
449
450
448
447
447
448
450
447
448
448
450
448
448
450
448
450
448
448
447
449
447
449
449
448
449
447
449
450
450
446
447
447
449
448
449
448
448
447
450
448
450
450
449
448
449
447
448
447
448
448
448
449
447
449
450
446
447
450
446
450
446
447
448
447
448
446
448
448
447
448
449
449
447
448
447
448
448
447
448
448
448
446
448
449
448
448
450
448
448
450
448
448
448
446
447
449
Intensidad
442
442
441
442
444
442
442
443
444
442
442
442
442
442
441
442
440
442
441
443
444
443
444
443
442
442
441
442
444
442
440
442
443
443
443
441
443
443
443
442
443
441
443
443
443
443
443
442
444
442
442
443
441
442
442
443
442
443
443
442
441
441
442
444
443
442
443
443
442
444
441
442
444
442
441
443
444
443
442
442
442
442
442
441
444
441
443
442
444
443
442
442
442
443
442
443
442
444
442
443
Intensidad
441
440
440
438
440
439
440
441
439
441
439
439
441
442
439
440
439
440
442
442
438
441
438
439
440
439
440
442
441
440
439
439
439
441
440
439
442
440
438
442
439
441
438
438
441
441
441
440
441
441
441
441
440
441
440
438
441
441
439
439
439
440
439
440
440
441
441
441
442
440
440
443
441
439
441
442
441
440
439
440
442
440
441
442
442
440
441
439
440
440
441
440
442
441
440
442
441
440
441
442
Intensidad
437
437
436
437
435
436
437
438
437
438
436
438
437
437
436
438
438
438
437
434
433
436
434
437
437
436
436
437
437
436
436
435
436
435
437
437
437
437
438
437
434
439
437
435
438
437
437
437
435
437
436
435
437
438
435
437
437
437
436
437
437
437
439
434
436
438
437
436
438
436
438
438
439
437
437
436
435
435
435
434
437
437
437
436
437
436
435
439
438
437
437
436
436
438
434
436
439
435
437
438
Intensidad
432
433
433
433
432
432
432
431
432
434
431
432
432
431
432
435
434
433
433
433
434
433
432
435
433
434
432
433
430
432
432
431
433
431
434
432
433
434
432
432
433
431
432
431
434
432
432
433
433
432
431
434
432
433
433
432
433
433
432
434
432
432
433
433
432
431
433
432
434
434
432
433
432
432
434
433
432
432
433
434
431
432
432
433
433
431
433
432
433
432
433
432
433
432
433
433
432
433
433
433
Intensidad
430
428
428
429
430
427
430
427
427
428
427
427
429
431
429
428
429
429
430
430
428
431
430
428
428
430
428
430
428
428
430
427
427
428
430
429
431
430
429
431
430
428
430
427
428
430
427
429
429
429
428
429
430
430
429
428
428
428
429
429
429
432
430
428
429
428
428
430
429
430
427
427
430
429
429
430
429
429
430
430
430
429
429
429
431
429
430
430
429
430
429
428
428
430
429
428
429
429
428
430
Intensidad
426
428
429
427
428
425
428
426
429
427
427
428
428
427
427
426
427
426
428
427
427
425
427
427
426
426
426
425
428
425
427
427
426
428
426
427
426
426
427
428
424
426
428
427
427
427
427
426
424
427
427
427
427
427
427
427
426
428
429
426
429
427
424
428
425
425
426
425
427
427
427
425
427
426
427
427
427
427
429
425
426
427
426
427
427
427
425
427
426
424
426
425
426
427
426
428
426
427
425
427
Intensidad
426
425
426
425
426
426
422
426
423
424
423
423
426
423
425
423
424
425
425
424
426
424
423
426
426
425
425
425
426
424
425
425
425
425
426
427
425
425
423
423
425
423
424
425
427
424
423
423
423
422
425
423
422
426
425
425
426
425
424
426
423
423
425
422
426
425
424
427
425
423
426
425
426
427
426
423
427
423
424
425
425
424
423
425
425
423
425
425
426
425
426
426
425
424
427
424
425
425
423
424
Intensidad
426
425
424
424
427
425
425
424
425
426
425
426
428
424
427
424
425
427
426
426
426
426
424
425
424
425
426
425
426
424
425
425
427
424
423
423
426
425
426
426
426
427
424
426
425
427
426
425
427
425
425
425
424
424
426
425
425
426
426
424
423
424
425
426
425
424
425
423
425
425
425
423
426
424
426
423
425
427
426
424
425
425
426
426
425
425
423
425
424
423
426
426
426
427
425
425
425
423
424
426
Intensidad
424
424
425
423
422
424
424
423
425
422
424
425
425
422
426
423
423
425
424
421
426
424
421
425
423
422
425
424
424
425
423
423
425
425
425
424
424
425
424
424
422
423
425
424
424
425
424
423
422
423
424
422
422
423
425
425
424
424
424
424
423
424
423
423
422
420
423
425
421
423
423
424
423
424
425
424
424
424
423
422
424
424
423
425
423
423
424
423
425
423
422
424
424
422
424
422
423
422
422
423
Intensidad
422
421
422
422
421
421
420
421
422
421
421
421
422
421
421
422
422
421
422
421
421
421
419
421
422
421
421
420
420
421
422
422
422
421
421
421
419
422
419
420
421
422
420
422
419
421
421
419
421
421
420
421
422
421
422
420
420
421
421
422
421
421
420
420
421
420
421
421
422
420
419
420
419
423
421
421
420
419
420
421
421
421
421
421
419
420
419
422
420
421
422
421
422
420
420
421
421
421
421
421
Intensidad
426
426
425
426
425
424
428
426
425
427
426
425
424
424
426
426
426
427
427
427
427
426
427
426
429
427
426
426
427
428
429
424
424
428
426
427
428
425
427
428
427
429
428
428
427
426
425
427
428
428
428
426
427
425
426
426
428
427
426
429
428
426
428
428
427
428
427
428
427
429
426
429
427
427
427
427
427
429
426
426
426
429
427
426
427
427
426
428
427
428
426
425
428
427
427
430
427
426
426
425
Intensidad
432
433
433
434
432
432
432
432
432
433
431
432
433
433
432
431
432
431
432
430
431
431
433
431
434
432
432
432
431
431
432
432
433
431
432
431
432
433
432
431
433
431
432
433
432
432
430
432
432
431
432
432
432
433
431
434
432
431
432
432
430
433
433
431
432
431
432
433
431
432
432
432
433
432
432
433
431
431
431
432
432
433
432
433
432
432
433
433
431
430
432
433
431
432
432
430
433
430
430
432
Intensidad
436
438
438
438
438
437
438
438
438
438
438
437
438
439
436
438
439
436
438
438
439
438
436
436
438
438
438
438
437
438
437
438
437
438
438
436
437
438
436
438
437
439
438
438
438
438
437
439
438
437
438
438
438
439
438
438
438
439
438
439
439
438
437
439
437
437
439
437
437
438
438
439
438
438
438
438
438
439
439
438
438
437
437
438
439
438
437
438
438
438
439
438
438
438
438
439
439
438
439
438
Intensidad
131
130
130
131
131
134
133
131
133
132
130
131
132
130
129
131
129
133
126
130
128
127
127
131
132
128
130
129
129
132
131
129
129
131
127
130
129
125
128
124
124
125
120
123
122
120
118
121
123
125
119
119
119
118
114
110
106
99
100
95
94
97
91
100
118
156
205
254
289
329
365
389
403
414
421
421
425
428
430
433
431
433
434
436
435
439
435
437
440
440
439
442
441
441
443
443
441
443
440
440
Intensidad
453
453
454
452
452
453
452
453
454
453
453
454
454
453
454
453
453
453
454
454
454
454
454
452
453
453
452
453
452
455
452
453
454
451
454
454
455
454
453
452
453
454
454
453
453
453
453
453
453
453
453
451
453
453
452
453
453
456
452
453
452
454
453
452
453
451
454
452
452
453
453
452
453
451
451
452
453
452
452
452
453
452
450
451
451
451
451
450
449
449
447
446
445
444
446
440
439
441
439
437
Intensidad
289
287
288
289
289
291
290
290
292
291
290
293
288
290
289
289
288
290
287
289
290
289
287
289
289
288
288
287
285
285
286
286
285
286
287
287
288
284
287
288
287
287
288
289
287
287
289
291
291
290
291
288
290
290
290
293
293
290
293
294
292
292
292
293
294
295
294
295
295
295
295
294
295
294
293
295
296
296
296
296
298
298
300
301
303
305
307
310
315
321
325
332
340
344
353
359
364
370
378
383
Intensidad
467
468
468
468
468
468
465
467
468
468
468
467
467
467
467
468
468
466
469
466
466
469
468
467
467
467
466
466
466
468
467
467
467
468
466
467
468
468
467
468
468
467
465
466
467
468
468
467
466
468
466
466
468
466
468
466
467
467
468
468
466
467
467
467
465
466
469
466
467
467
465
468
466
469
469
467
469
468
466
466
469
468
468
465
468
467
466
467
468
469
469
467
467
467
467
467
468
467
467
468
Intensidad
472
474
474
475
474
475
473
474
474
474
475
474
474
475
475
475
475
475
473
473
475
473
474
474
474
475
475
474
475
474
475
475
474
474
475
473
475
474
473
475
475
472
474
473
475
474
475
474
474
474
472
474
475
474
474
475
475
474
476
475
474
476
475
473
473
474
474
476
476
473
474
473
473
475
474
475
475
473
472
473
475
473
476
475
474
473
473
475
473
475
475
475
472
475
474
475
474
475
475
475
Intensidad
480
481
482
481
481
481
481
480
481
480
480
481
479
479
482
481
480
482
480
480
482
481
479
481
480
480
481
480
480
482
480
480
482
481
480
482
481
480
483
482
480
482
481
481
480
481
482
480
479
480
480
479
479
480
480
479
481
481
480
481
481
481
481
481
481
480
480
482
481
482
481
482
480
481
480
480
481
482
481
479
480
479
481
479
482
482
479
481
482
480
481
481
482
481
481
481
481
481
481
481
Intensidad
486
486
488
488
488
487
487
487
485
488
486
487
487
485
487
486
488
487
488
487
487
487
488
487
488
488
487
487
486
486
487
486
488
488
487
487
486
485
487
489
489
487
486
487
486
489
488
488
488
488
487
486
489
487
487
487
487
489
486
487
487
486
486
489
487
487
489
489
488
489
486
488
487
486
489
488
488
489
488
488
488
488
489
487
488
488
486
487
488
488
488
489
487
488
488
488
486
490
489
487
Intensidad
493
490
492
493
493
491
493
490
491
491
491
493
492
491
493
492
492
494
493
492
492
492
493
492
493
493
492
493
493
491
493
492
494
493
493
492
492
491
492
494
492
494
491
492
492
494
492
491
492
492
493
490
492
493
491
493
491
492
492
491
492
492
493
493
492
490
493
492
493
494
492
493
492
492
494
493
493
492
491
492
492
492
492
494
491
492
493
493
492
495
493
493
493
491
493
492
493
493
492
492
Intensidad
494
496
495
494
494
495
495
496
495
495
495
495
494
495
495
495
494
495
495
495
494
495
494
495
494
495
494
493
494
495
494
494
494
496
494
495
496
495
493
495
495
495
494
494
494
495
495
493
495
497
494
493
493
493
495
495
494
494
494
494
494
495
495
496
494
494
495
494
494
493
496
494
494
495
495
495
494
495
495
495
494
495
495
494
495
495
492
495
494
494
495
495
494
495
494
495
495
492
496
495
Intensidad
498
497
498
496
499
499
499
498
497
497
498
498
497
497
498
499
498
496
500
498
497
498
497
496
500
496
498
499
499
498
497
498
498
499
498
498
499
498
498
499
498
497
498
498
498
500
500
498
499
498
497
500
498
497
497
499
498
499
497
499
496
496
498
498
498
499
497
497
498
498
498
497
499
499
499
499
498
497
499
498
498
498
498
499
498
498
499
497
498
499
497
498
500
497
498
499
498
497
499
498
Intensidad
499
499
499
498
499
498
499
499
500
498
498
499
499
498
498
498
499
497
499
498
498
497
499
497
499
497
499
499
500
498
499
497
499
499
500
498
498
497
498
497
499
498
498
499
498
497
499
499
499
500
499
498
497
499
498
497
498
499
500
498
498
497
498
499
498
499
500
498
498
501
499
499
498
497
500
497
498
499
500
500
498
497
498
498
499
499
499
499
497
499
499
497
498
499
498
498
497
496
499
499
Intensidad
499
499
500
499
498
501
499
500
500
500
500
498
500
500
500
500
498
501
500
500
501
500
499
499
500
501
500
500
500
500
500
501
501
501
499
500
501
500
501
500
499
500
500
499
502
500
499
499
500
499
501
500
500
500
499
499
500
501
499
499
500
499
501
498
500
499
500
499
500
500
500
499
500
498
500
498
502
500
499
499
499
500
499
501
499
499
500
500
499
500
500
500
500
500
500
501
500
500
499
499
Intensidad
500
501
501
501
501
499
500
501
501
500
500
499
501
502
500
500
501
499
500
502
502
500
502
501
500
500
499
500
501
499
501
502
501
500
501
501
501
499
502
501
502
501
500
501
502
501
501
501
500
501
500
501
501
500
502
500
500
499
501
501
501
500
501
501
501
501
499
502
501
501
501
501
500
499
500
502
501
500
501
500
500
502
500
501
501
501
500
501
502
501
501
501
500
502
502
500
500
502
500
501
Intensidad
500
499
498
499
501
499
499
499
500
498
499
498
497
500
499
499
500
497
498
498
497
498
499
497
499
499
498
499
499
499
498
499
499
499
500
500
497
500
499
498
500
497
498
499
497
500
500
500
499
498
499
499
499
500
500
499
499
499
498
500
497
499
499
500
499
498
498
500
497
500
500
499
498
500
498
500
500
499
499
500
498
499
499
499
498
498
498
499
501
499
499
499
499
497
499
498
501
500
498
499
Intensidad
498
498
497
497
497
498
498
498
498
497
499
497
496
497
497
498
498
497
498
498
497
497
498
496
498
499
498
496
496
498
496
499
496
497
498
498
497
499
496
497
497
498
497
498
498
498
498
497
497
498
496
498
498
499
497
499
497
498
498
498
497
499
497
498
499
496
496
498
498
498
499
498
498
497
497
498
498
497
498
498
498
496
498
498
499
498
497
497
498
496
498
497
498
498
498
498
499
498
498
498
Intensidad
497
496
497
497
497
497
497
496
496
495
496
498
496
495
497
494
496
497
497
496
496
496
496
497
497
496
497
495
496
496
497
496
495
496
495
496
497
496
495
496
496
497
497
496
496
496
495
497
494
497
496
494
496
495
494
497
496
497
496
496
496
497
496
496
497
494
495
497
496
495
496
495
495
496
496
496
497
495
495
496
494
496
497
496
496
496
495
495
497
496
496
494
496
495
495
495
496
495
495
494
Intensidad
494
491
494
493
491
494
494
494
494
494
493
495
494
493
493
494
493
493
494
493
494
494
493
493
493
493
494
494
493
494
493
493
494
491
492
495
493
494
493
493
492
494
493
493
493
492
494
494
494
491
492
494
493
494
494
492
494
493
493
494
491
493
493
492
493
493
493
494
493
492
494
493
491
494
493
493
492
493
491
494
493
493
494
492
493
493
493
492
493
492
492
493
494
491
493
492
490
491
493
492
Intensidad
491
488
489
489
490
490
488
490
488
490
487
487
490
489
488
490
490
491
490
490
490
490
490
490
489
489
488
489
489
489
489
490
490
489
490
489
488
490
490
489
489
489
490
490
490
491
490
491
490
488
491
490
489
490
490
487
491
490
488
490
490
489
488
489
489
491
489
489
489
489
489
490
490
489
488
487
489
490
490
489
490
490
488
490
490
489
490
490
488
490
490
488
489
490
490
489
488
488
490
488
Intensidad
487
488
488
487
487
487
486
489
488
488
489
486
488
489
487
489
488
486
487
488
488
488
488
488
489
488
488
489
488
488
489
487
488
488
488
489
487
487
487
489
487
488
486
489
488
488
487
487
489
489
487
488
488
486
489
488
487
486
486
488
489
486
487
490
488
487
488
487
487
489
486
488
489
488
488
489
488
488
488
486
488
486
488
488
489
488
488
489
489
486
486
487
487
489
489
488
486
487
486
488
Intensidad
483
482
481
484
484
484
483
484
483
484
484
483
483
484
484
484
484
483
483
482
483
483
484
484
483
485
481
481
483
484
482
484
483
483
484
484
482
484
485
484
484
483
481
484
484
482
484
482
485
483
484
485
484
484
482
483
483
483
484
483
483
483
483
482
483
483
484
482
483
484
483
482
483
484
483
484
482
482
484
482
481
485
484
482
482
482
483
484
483
484
484
483
483
483
483
484
485
484
483
483
Intensidad
478
477
475
478
478
479
477
478
478
476
478
478
478
479
478
478
479
477
478
479
478
478
479
478
478
478
477
479
479
477
478
478
476
479
479
478
479
477
477
478
477
478
477
477
478
478
477
478
478
479
479
479
478
478
478
479
478
478
476
479
478
478
477
478
478
478
479
478
478
478
478
477
478
478
478
478
479
478
479
479
477
478
477
478
478
478
478
477
478
478
475
476
480
477
478
480
478
476
477
478
Intensidad
478
477
478
478
477
478
478
477
478
476
478
478
478
479
476
477
477
479
478
477
478
478
477
478
477
478
478
478
478
475
476
479
477
477
477
476
477
476
478
477
478
478
477
478
478
477
478
478
478
479
478
477
475
478
477
479
478
478
478
476
477
477
476
478
479
478
477
478
477
476
476
479
477
477
477
477
477
476
478
478
476
477
477
477
476
478
477
476
478
476
477
478
476
478
478
477
479
477
478
476
Intensidad
471
473
473
472
473
473
474
473
473
472
473
474
472
472
474
472
472
473
473
474
474
473
474
474
474
472
473
473
472
473
474
473
472
474
474
472
474
474
473
474
474
473
473
473
474
473
472
473
473
474
474
471
472
474
474
474
473
473
472
472
473
473
474
472
472
474
472
473
472
473
474
473
473
474
472
473
472
472
473
476
472
472
473
474
472
474
473
474
473
474
474
473
472
474
474
474
473
473
471
471
Intensidad
468
468
469
469
470
468
469
471
469
468
470
469
468
471
467
469
470
468
468
470
469
469
468
469
468
469
469
469
467
470
468
469
466
469
470
469
467
470
468
470
468
468
470
470
468
469
469
469
467
469
469
468
469
469
467
469
469
467
469
468
470
469
470
470
468
470
468
471
469
468
469
468
471
470
470
471
469
469
468
470
469
470
470
469
471
469
469
471
470
469
472
469
469
470
468
469
470
470
471
470
Intensidad
465
464
465
465
465
465
466
466
466
464
465
465
464
466
465
464
467
464
464
466
464
464
464
464
465
466
465
464
464
466
466
466
465
465
465
465
465
466
463
465
466
463
465
464
465
464
465
466
464
466
464
465
464
466
465
466
465
464
467
464
465
467
465
464
466
465
464
465
466
465
467
465
465
465
464
464
466
464
465
465
465
466
465
464
465
465
465
463
464
465
464
463
464
465
463
463
463
463
465
462
Intensidad
463
463
462
464
464
463
463
462
463
462
463
463
463
462
463
461
462
464
463
462
465
460
463
464
462
463
464
464
461
464
463
462
463
462
463
463
462
463
462
461
462
463
464
463
463
461
462
463
461
462
464
463
461
463
461
463
463
464
463
463
464
462
463
464
464
463
463
465
464
463
462
462
463
465
463
462
464
463
463
465
463
463
465
461
462
464
462
463
462
464
464
462
463
463
464
461
463
464
464
462
Intensidad
463
464
460
462
462
463
463
461
464
463
462
462
462
462
464
463
461
464
461
462
462
462
462
464
462
463
463
463
463
461
460
463
461
463
461
462
464
464
463
464
464
462
464
464
462
463
464
462
465
463
462
463
464
461
465
463
462
463
463
462
463
461
463
462
463
462
462
462
462
462
463
463
465
463
463
462
462
462
464
463
463
463
462
461
464
463
464
463
462
465
462
462
463
462
463
462
462
463
463
462
Intensidad
462
459
460
459
462
461
461
461
461
461
461
461
461
460
461
462
461
458
461
461
460
461
460
461
460
459
461
462
462
461
460
462
461
461
462
459
461
462
460
463
462
460
461
459
461
460
462
460
461
462
460
463
460
461
462
462
461
463
459
460
463
461
460
461
459
461
462
461
461
460
462
462
461
462
462
461
460
460
462
462
461
461
462
462
461
462
462
461
460
462
461
461
462
460
462
462
461
462
462
461
Intensidad
462
460
460
460
461
462
462
460
461
461
460
464
460
460
460
459
460
462
461
460
463
462
460
461
461
461
462
461
461
462
462
460
460
461
461
462
459
462
461
459
461
461
461
461
461
462
462
461
461
460
461
462
462
461
460
461
461
460
461
461
460
462
461
460
459
461
462
462
462
461
459
462
461
460
461
459
461
460
461
459
461
460
461
462
461
463
462
460
462
462
461
461
461
460
460
459
460
462
460
461
Intensidad
462
462
462
461
461
462
463
460
462
461
460
461
461
464
461
461
462
461
463
463
461
463
462
462
463
462
461
463
461
462
461
463
462
462
463
461
463
460
462
461
461
462
464
460
462
462
461
463
462
463
460
463
462
462
463
463
462
463
461
462
462
462
461
462
462
460
462
461
462
461
463
462
462
460
462
463
463
462
462
463
463
462
463
463
462
462
462
463
462
463
462
462
460
463
462
462
463
460
464
463
Intensidad
462
462
463
463
464
465
464
463
463
462
461
462
462
464
465
461
463
463
463
465
464
464
463
465
463
464
463
463
465
465
463
465
463
463
463
464
463
466
464
463
464
464
463
463
463
463
466
461
464
465
463
463
464
461
463
465
462
463
465
462
462
462
463
465
463
462
463
463
464
464
462
462
464
463
464
462
463
465
462
463
464
463
464
463
464
463
462
464
463
464
464
465
463
463
464
464
464
464
463
464
Intensidad
466
467
466
466
466
468
465
467
466
465
466
465
465
465
465
465
466
463
465
467
465
466
468
465
466
467
466
465
465
466
466
465
465
466
466
463
466
465
466
466
466
466
465
467
466
467
466
467
466
466
466
466
466
466
467
466
467
464
466
466
464
465
465
465
465
465
464
466
464
464
466
467
467
466
467
466
464
465
467
467
464
464
466
465
466
465
465
465
465
466
466
466
465
466
466
465
467
467
466
468
Intensidad
469
468
469
468
468
468
468
467
469
468
466
468
469
469
469
469
469
469
468
469
466
469
468
468
466
468
466
469
468
468
468
468
469
468
467
468
468
467
470
466
468
469
466
467
468
466
468
470
468
468
468
468
468
470
468
469
470
469
467
467
468
468
468
468
469
467
466
468
469
468
469
469
468
470
468
468
468
468
469
468
469
467
469
468
468
469
468
467
468
469
469
466
468
469
468
468
469
469
469
468
Intensidad
473
473
475
474
472
472
472
473
475
473
473
473
473
473
472
473
474
473
473
473
473
473
473
473
471
474
472
473
474
473
472
473
473
472
472
472
473
470
471
471
471
474
473
472
471
473
471
473
472
474
473
473
474
472
473
473
473
472
473
471
472
472
473
472
474
471
473
472
473
471
473
473
472
472
473
473
474
474
472
474
473
472
475
473
471
474
471
473
474
473
472
474
473
473
473
473
471
473
473
474
