Intensidad
707
707
707
707
707
707
707
707
707
707
707
707
707
707
707
707
707
707
707
707
707
707
707
707
707
707
707
707
707
707
707
707
707
707
707
707
707
707
707
707
707
707
707
707
707
707
707
707
707
707
707
707
707
707
707
707
707
707
707
707
707
707
707
707
707
707
707
707
707
707
707
708
707
707
707
707
707
707
707
707
707
707
707
707
707
707
707
707
707
707
707
708
707
708
707
707
707
707
707
708
Intensidad
726
726
726
726
726
727
726
727
727
727
727
727
727
727
727
727
727
727
727
727
727
727
727
727
727
728
727
727
728
728
728
728
728
728
728
728
728
728
728
729
728
728
728
729
729
729
729
729
729
729
729
729
729
729
729
730
730
730
730
729
730
730
730
730
730
730
731
731
730
730
731
730
731
731
731
731
731
731
731
731
731
732
731
731
732
732
732
732
732
732
732
732
732
732
732
732
732
732
732
732
Intensidad
774
775
775
774
774
775
774
774
775
775
774
774
775
774
775
774
774
775
774
774
775
775
774
775
774
775
774
774
775
775
774
775
774
775
774
775
774
774
774
775
774
775
774
774
775
774
775
774
774
775
774
774
774
774
774
775
774
774
774
774
774
774
774
775
774
774
774
774
774
774
774
774
774
774
774
774
774
774
774
774
774
774
774
774
774
774
774
774
774
774
774
774
774
774
774
774
774
774
774
774
Intensidad
750
750
749
749
750
749
749
749
749
749
749
748
749
749
748
748
748
748
748
748
748
748
748
748
748
748
748
748
747
747
747
747
746
747
747
746
747
746
746
746
746
746
746
746
746
746
746
746
745
745
745
745
745
745
745
745
744
745
745
745
745
745
744
744
744
744
744
744
744
743
744
744
744
744
744
743
743
743
743
743
743
743
743
743
743
742
742
743
742
742
742
742
742
742
742
742
742
742
742
742
Intensidad
698
698
698
698
698
698
698
698
698
698
698
698
698
698
698
698
698
698
698
698
698
698
697
698
698
698
698
698
697
698
697
697
698
697
697
697
697
697
697
697
697
697
697
697
697
697
697
697
697
697
697
697
697
697
697
697
697
697
697
697
697
697
697
697
696
697
697
697
697
696
697
697
697
697
697
697
697
697
697
697
697
697
697
697
697
697
697
697
697
697
697
697
697
697
697
697
697
697
697
697
Intensidad
701
701
701
701
700
701
700
701
701
701
701
700
701
701
700
701
700
701
701
701
701
701
701
701
701
701
701
701
701
701
701
701
701
701
701
701
701
701
701
701
701
701
701
701
701
701
701
701
701
701
701
701
701
701
701
701
701
701
701
701
701
701
701
701
701
701
701
700
701
701
701
701
701
701
701
701
701
701
701
701
701
701
701
701
701
700
700
700
701
701
701
701
701
700
701
700
701
701
701
701
Intensidad
687
686
686
686
686
686
686
686
686
686
686
686
686
686
686
686
686
686
686
686
686
686
686
685
686
685
685
686
685
685
685
685
685
685
685
685
685
685
685
685
685
685
685
684
685
685
684
684
684
684
684
684
684
684
684
684
684
684
684
684
684
684
684
684
684
683
684
683
683
683
683
683
683
683
683
683
683
683
683
683
683
683
682
682
682
682
682
682
682
682
682
682
682
682
682
682
682
682
682
682
Intensidad
670
670
670
670
669
670
670
670
670
670
670
670
670
670
670
670
670
670
670
670
670
670
670
670
670
670
670
670
670
670
670
670
670
670
670
670
670
670
670
670
670
670
671
671
670
670
670
670
670
670
670
671
670
670
670
670
670
670
671
670
671
671
671
671
671
671
671
671
671
671
671
671
671
671
671
671
671
671
671
671
671
671
671
671
671
671
671
671
671
671
671
671
671
671
671
671
671
671
671
671
Intensidad
672
673
672
672
672
672
672
672
672
672
671
672
671
672
672
671
672
672
672
671
671
671
671
671
671
671
671
671
671
671
671
671
671
671
671
671
671
671
671
671
671
671
671
671
670
671
671
671
671
671
671
671
671
671
671
670
671
670
670
670
670
670
670
670
670
670
670
670
670
670
670
670
670
670
670
670
670
670
670
670
670
670
670
669
670
669
670
670
670
670
669
669
670
669
669
669
669
669
669
669
Intensidad
653
654
654
654
654
653
653
653
653
653
653
653
653
653
653
653
653
653
653
652
652
652
652
652
653
653
653
653
653
653
653
653
653
653
653
654
654
653
653
653
653
654
654
654
653
653
653
653
653
654
654
653
653
653
653
653
653
654
654
653
653
653
653
653
653
653
653
653
653
653
653
653
653
653
653
653
653
653
653
653
652
652
653
653
653
653
653
653
653
653
652
652
652
653
653
653
653
653
653
653
Intensidad
650
649
649
650
649
650
650
650
650
650
650
650
649
650
650
649
650
650
650
650
649
650
650
650
650
649
650
649
650
650
649
649
649
649
649
649
649
649
649
649
649
649
649
649
649
649
649
649
649
649
649
649
649
649
649
649
649
649
649
649
650
649
649
649
649
649
649
649
649
649
649
649
649
649
650
649
650
649
649
649
649
649
650
650
649
650
650
649
649
650
650
650
649
649
649
649
649
649
649
649
Intensidad
661
661
661
661
661
661
661
661
661
661
661
661
661
660
661
661
661
661
661
661
661
661
661
661
661
661
661
661
661
661
661
661
661
661
661
661
661
661
661
661
661
661
661
661
661
661
661
661
661
661
661
661
661
661
661
661
661
661
661
661
661
661
661
661
661
661
661
661
661
661
661
661
661
661
661
661
661
661
661
661
661
661
661
661
661
661
662
661
662
661
661
661
662
661
662
662
662
661
661
661
Intensidad
660
660
660
660
661
661
661
661
660
661
661
661
661
660
661
661
661
661
661
660
660
661
661
661
660
661
661
660
660
660
660
660
660
661
661
660
660
660
661
661
661
661
660
661
661
661
661
661
661
661
661
661
661
661
661
661
661
661
661
661
661
661
661
661
661
661
661
661
661
661
661
661
661
661
661
661
661
661
661
661
661
661
661
661
661
661
661
661
661
661
661
661
661
661
661
661
661
661
660
659
Intensidad
670
670
670
670
671
671
671
671
671
672
672
672
673
673
673
673
673
674
673
673
673
673
673
673
673
673
673
673
673
673
673
673
673
674
674
675
675
676
676
676
676
676
676
676
676
676
675
675
675
675
676
676
676
676
676
676
676
676
677
677
677
676
676
677
677
677
677
677
677
676
677
676
677
677
677
677
677
677
677
677
677
677
678
678
678
679
680
680
680
680
680
680
680
681
681
681
681
681
681
680
Intensidad
706
706
707
707
707
707
708
708
708
708
709
709
709
709
709
709
709
710
710
710
710
711
711
711
711
710
710
710
710
710
710
710
710
710
710
710
710
710
710
710
710
710
710
710
710
710
710
710
710
711
711
711
711
711
711
711
711
711
711
711
711
712
712
712
712
712
712
712
712
712
713
713
713
713
713
713
713
713
713
713
713
713
713
713
713
713
713
714
714
714
714
714
714
713
713
713
712
713
713
713
Intensidad
725
725
725
724
724
724
724
725
725
725
725
725
725
725
725
725
725
725
725
725
725
725
725
725
725
725
725
725
725
726
726
726
726
726
726
726
726
726
726
726
726
726
726
726
726
726
726
726
726
726
727
726
727
727
727
727
727
727
727
727
727
727
727
727
727
727
727
728
728
728
728
728
728
727
727
728
728
728
728
728
728
728
728
728
728
728
729
729
729
728
728
728
728
728
728
728
728
728
729
729
Intensidad
754
754
754
754
754
754
754
754
754
754
754
754
754
754
754
755
754
755
755
755
754
755
755
755
755
755
755
755
755
755
755
755
755
755
755
755
755
755
755
755
755
755
755
755
755
755
755
755
755
755
755
755
755
755
755
755
755
755
755
755
755
755
755
755
755
755
755
755
755
755
755
755
755
755
755
755
755
755
756
755
755
756
756
756
756
756
756
756
756
756
756
756
756
756
756
756
756
756
756
756
Intensidad
759
759
759
759
759
760
759
760
759
759
759
759
759
760
759
759
759
759
760
759
759
759
759
760
759
759
759
759
759
759
759
759
759
759
759
759
759
759
759
759
759
759
759
759
759
759
759
759
759
759
759
759
759
759
760
759
759
759
759
759
759
759
759
759
759
759
759
759
759
759
759
759
759
759
759
759
759
759
759
759
759
759
759
759
759
759
759
759
759
759
759
759
759
759
759
759
759
759
759
759
Intensidad
752
752
752
752
752
752
752
752
752
752
752
752
752
752
752
752
752
752
752
751
752
752
752
752
752
751
751
751
752
751
751
751
751
751
751
751
751
751
751
751
751
751
751
751
751
751
751
751
751
751
751
751
751
751
751
751
751
751
751
751
751
751
751
751
751
751
751
751
751
751
751
751
751
751
750
750
750
750
750
750
750
750
750
750
751
750
750
750
751
750
750
750
750
750
750
750
750
750
750
750
Intensidad
734
734
734
734
734
734
734
734
734
734
734
734
734
734
734
734
734
734
734
734
734
734
734
733
734
733
733
733
733
734
733
733
733
733
733
733
733
733
733
733
733
733
733
733
733
733
733
733
733
733
733
733
733
733
733
733
733
733
733
733
733
733
733
733
733
733
732
733
733
733
733
732
733
732
733
732
732
733
732
732
732
732
732
732
732
732
732
732
732
732
732
732
732
732
732
732
732
732
732
732
Intensidad
728
729
728
729
729
729
729
729
728
728
729
729
729
729
729
729
729
729
729
729
729
729
729
729
729
729
729
729
729
729
729
729
729
729
729
729
729
729
729
729
729
729
729
729
729
729
729
729
729
729
729
729
729
729
729
729
729
729
729
729
729
729
729
729
729
729
729
729
730
729
729
729
729
729
729
729
729
729
729
729
729
729
729
729
729
729
729
729
729
729
729
729
729
730
729
729
729
729
730
729
Intensidad
720
720
720
720
720
720
720
720
720
720
720
720
720
720
720
720
720
720
720
720
720
720
720
720
720
720
720
720
720
720
720
720
720
720
720
720
720
720
720
720
720
720
720
720
720
720
720
720
720
720
720
720
720
720
720
720
720
720
720
720
720
720
720
720
720
720
720
720
720
720
720
720
720
720
720
720
720
720
720
720
719
720
720
720
719
720
720
720
720
720
720
720
720
720
720
720
719
719
719
719
Intensidad
726
726
726
726
727
726
726
726
726
726
726
726
726
726
726
726
726
726
726
726
727
727
726
727
727
726
727
727
726
726
726
726
726
726
726
726
726
726
726
726
726
726
726
726
726
726
726
726
726
726
726
726
726
726
726
726
726
726
726
726
726
726
726
726
726
726
726
726
726
726
726
726
726
726
726
726
726
726
726
726
726
726
726
726
726
726
726
726
726
726
725
725
725
725
725
726
726
726
726
726
Intensidad
713
713
713
712
712
711
711
710
710
710
711
712
713
714
715
715
715
715
715
714
714
713
712
712
711
710
710
709
708
708
708
709
709
710
711
712
713
713
712
712
711
710
710
709
708
708
708
708
708
710
711
712
713
714
714
714
714
713
712
711
710
709
708
708
707
707
707
708
708
709
710
710
711
711
710
710
710
709
708
708
708
708
708
707
707
708
709
710
711
712
712
711
710
709
708
707
707
706
706
706
Intensidad
655
655
655
655
655
655
655
655
655
655
655
655
655
655
655
655
655
655
655
654
655
654
654
654
654
654
654
654
654
654
654
654
654
654
654
654
654
654
654
654
653
653
654
653
653
653
653
653
653
653
653
653
653
653
653
653
653
653
653
653
653
653
653
653
653
652
652
652
652
652
652
652
652
652
652
652
652
652
652
652
652
652
652
651
652
652
651
651
651
651
651
651
651
651
651
651
651
651
651
651
Intensidad
627
627
627
627
627
627
627
627
627
626
626
626
626
626
626
626
626
626
626
626
626
626
626
625
625
625
625
625
625
625
625
625
625
625
625
624
625
624
624
624
624
624
624
624
624
624
624
624
624
624
624
623
623
623
623
623
623
623
623
623
623
623
623
623
622
622
622
622
622
622
622
622
622
622
622
622
622
621
621
621
621
621
621
621
621
621
621
621
621
621
620
620
620
620
620
620
620
620
620
620
Intensidad
595
595
595
595
595
595
595
595
595
595
595
595
595
595
595
595
595
595
595
595
595
595
595
595
595
594
595
595
594
595
594
594
595
594
594
595
594
594
594
594
594
594
594
594
594
595
594
594
594
594
594
594
594
594
594
594
594
594
594
594
594
594
594
594
594
594
594
594
594
594
594
594
594
594
594
594
594
594
594
594
594
594
594
594
594
593
594
593
593
594
594
594
594
594
594
594
593
593
593
593
Intensidad
578
578
578
579
578
578
579
579
578
578
578
578
578
578
578
579
578
578
578
578
578
578
578
578
578
578
579
578
578
578
578
578
578
578
578
578
578
578
578
578
578
578
578
578
578
578
578
578
578
578
578
578
578
578
578
578
578
578
578
578
578
578
578
578
578
578
578
578
578
578
578
578
578
578
578
578
578
578
578
578
578
578
578
578
578
578
578
578
578
578
578
578
578
578
578
578
578
578
578
578
Intensidad
574
574
574
574
574
574
574
574
574
574
574
574
574
574
574
574
574
574
574
574
574
574
574
574
574
574
574
574
573
574
574
573
574
574
574
574
574
574
574
574
574
574
574
574
574
574
574
574
574
574
573
573
574
573
574
573
574
574
573
573
574
573
573
574
573
573
573
573
574
573
573
574
573
573
573
573
574
573
573
573
573
573
573
573
573
573
573
573
573
573
573
573
573
573
573
573
573
573
573
573
Intensidad
559
559
559
559
559
559
559
559
559
559
559
559
559
559
559
559
559
559
559
559
559
559
559
559
559
559
559
559
559
559
559
559
559
559
559
559
559
559
559
559
559
559
559
559
559
559
559
559
559
559
559
559
559
559
559
559
559
559
559
559
559
559
558
558
559
558
559
559
558
558
558
558
558
558
558
558
558
558
558
558
558
558
558
558
558
558
558
558
558
558
558
558
558
558
558
558
558
558
558
558
Intensidad
561
561
561
561
561
561
561
560
561
560
561
561
561
560
561
561
561
561
561
561
561
560
561
561
560
561
561
561
560
561
561
561
560
561
561
561
561
561
561
561
561
561
561
561
561
561
561
560
561
561
561
561
561
561
561
561
561
561
561
561
561
560
561
561
561
561
561
561
561
561
561
561
561
561
561
561
561
561
561
561
561
561
561
561
561
561
561
561
561
561
561
561
561
561
561
561
561
561
561
561
Intensidad
561
561
561
561
561
561
561
561
561
561
561
561
561
561
561
561
561
561
561
561
561
561
561
561
561
561
561
561
561
561
561
561
561
561
561
561
561
561
561
561
561
561
561
561
561
561
561
561
562
561
561
561
562
561
561
561
562
561
561
561
561
561
561
562
562
562
561
561
562
562
561
562
562
562
562
562
562
562
562
562
562
562
562
562
562
562
562
562
562
562
562
562
562
562
562
562
562
562
562
562
Intensidad
559
559
559
559
559
559
559
559
559
559
559
559
558
558
558
559
558
559
559
559
559
559
559
559
559
559
559
559
559
559
559
559
559
559
559
559
559
559
559
559
559
559
559
559
559
559
559
559
559
559
559
559
558
559
559
559
559
559
559
559
559
559
559
559
559
559
559
559
559
559
559
559
559
559
559
558
558
558
558
558
559
559
559
559
559
559
559
559
559
559
559
559
559
559
559
558
558
559
559
559
Intensidad
448
434
426
421
418
413
408
407
405
397
388
372
365
363
361
359
356
354
354
354
354
352
347
344
352
364
371
378
381
389
401
417
432
439
446
446
444
441
440
440
441
443
444
444
443
443
442
441
441
441
441
442
442
442
442
442
442
443
443
443
443
443
443
443
443
442
442
442
443
443
443
443
442
441
441
441
442
442
442
441
441
442
442
442
441
441
441
441
441
441
441
441
441
441
441
441
441
441
441
441
Intensidad
622
622
622
622
622
622
622
622
622
622
622
622
622
622
622
622
622
622
622
622
622
622
622
622
622
622
622
622
622
622
622
622
622
622
622
622
622
622
622
622
622
622
622
622
622
622
622
622
622
622
622
622
622
622
622
622
622
622
622
622
622
622
622
622
622
623
623
623
623
623
623
623
623
623
623
623
623
623
623
623
623
623
623
624
624
624
624
624
624
624
624
624
625
625
624
625
625
625
625
625
Intensidad
628
627
627
628
628
628
628
627
627
627
627
627
627
627
627
628
628
629
629
629
629
628
628
628
628
628
628
628
628
629
629
629
629
629
629
629
629
629
629
629
629
629
629
629
629
630
630
630
629
629
629
629
629
629
629
629
629
629
629
629
629
629
629
629
629
629
629
629
629
629
629
629
629
629
629
629
629
629
630
630
630
630
630
630
630
630
630
630
630
630
630
630
630
630
630
630
630
631
631
631
Intensidad
593
593
593
593
593
593
593
593
593
593
593
593
593
593
593
593
594
594
594
594
594
594
594
594
595
594
594
594
594
594
594
595
595
595
595
594
594
594
595
595
595
595
595
595
595
595
596
596
596
596
596
596
597
597
597
598
598
598
598
598
598
598
598
599
599
599
599
599
599
599
599
600
599
599
600
600
601
602
603
603
603
602
601
601
601
601
601
601
601
600
599
599
598
597
595
593
591
589
588
586
Intensidad
753
753
753
753
753
753
753
753
753
753
753
753
753
753
753
754
754
754
754
754
754
754
754
754
754
754
754
754
754
754
754
754
754
754
754
754
754
754
754
754
754
754
754
754
754
755
755
755
755
754
755
755
755
755
755
755
755
755
755
755
755
755
755
755
755
755
755
755
755
755
755
755
755
755
755
755
755
756
756
756
756
756
756
756
756
756
756
756
756
757
756
757
757
757
757
757
757
757
757
757
Intensidad
764
764
764
764
764
764
765
764
765
764
764
764
764
764
765
765
765
765
765
765
765
765
765
764
765
765
765
765
765
765
765
765
765
765
765
765
765
765
765
765
765
765
765
765
765
765
765
765
765
765
765
765
765
765
765
765
765
765
765
765
765
765
765
765
765
765
765
765
765
765
765
765
765
766
765
766
766
766
766
766
765
765
766
765
765
765
766
766
766
766
766
766
766
766
766
766
766
766
766
766
Intensidad
769
769
769
769
769
769
769
769
769
769
769
769
769
769
769
769
768
769
768
768
768
768
768
769
768
769
769
769
769
769
769
769
769
769
769
769
769
769
769
769
769
769
769
769
769
769
769
769
769
769
769
769
769
769
769
769
769
769
769
769
769
769
769
769
769
769
769
769
769
769
769
769
769
769
769
769
769
769
769
769
769
769
769
769
769
769
769
769
769
769
769
769
769
769
769
769
769
769
769
769
Intensidad
766
766
766
766
766
766
766
766
767
766
767
767
767
766
766
766
766
766
766
766
766
766
766
766
766
766
766
766
766
766
766
766
766
766
766
765
765
765
765
765
765
765
765
765
765
765
765
765
765
765
765
765
765
765
765
765
765
765
765
765
765
765
765
765
765
765
765
765
765
765
765
765
765
765
765
765
765
765
765
765
765
764
764
764
764
764
764
764
764
764
764
764
764
764
764
764
764
764
764
764
Intensidad
753
753
753
753
753
753
753
753
753
753
753
753
753
753
753
753
753
753
753
753
753
753
753
753
753
753
753
753
752
752
753
752
752
752
752
752
752
752
752
752
752
752
752
752
752
752
752
752
752
752
752
752
752
752
752
752
752
752
752
752
752
752
752
752
752
752
752
751
751
752
751
751
751
751
751
751
751
751
751
751
750
750
750
750
750
750
750
750
750
750
750
750
751
751
752
752
753
753
753
753
Intensidad
729
728
728
728
728
728
728
728
728
728
728
728
728
728
728
728
728
728
728
728
728
727
728
727
727
727
727
727
727
727
727
727
727
727
727
727
727
727
727
727
727
727
727
727
727
727
727
727
727
727
727
727
727
727
727
727
727
727
727
727
726
726
726
726
726
726
726
726
726
726
726
726
725
725
725
725
725
725
725
725
725
725
725
725
725
725
725
725
725
725
725
724
724
724
724
724
724
724
724
724
Intensidad
697
697
697
697
697
697
697
697
697
697
697
697
697
697
697
697
697
697
697
696
696
696
695
695
695
694
694
694
694
694
695
695
695
695
694
694
694
694
693
693
693
693
692
692
691
691
691
691
691
691
691
692
692
692
693
693
693
693
693
693
693
693
692
692
692
692
692
692
692
693
693
693
693
693
693
692
692
691
691
691
691
691
691
691
691
691
691
692
692
692
692
692
691
691
691
691
691
691
691
691
Intensidad
658
659
660
661
661
662
663
663
663
662
662
661
661
661
661
661
661
661
661
662
661
661
661
661
661
661
661
661
662
662
662
662
662
663
663
663
663
664
664
664
664
664
664
663
663
663
663
663
663
663
663
663
663
663
663
662
662
662
662
662
662
662
662
661
660
660
659
659
659
659
659
660
661
662
663
664
664
664
663
663
662
660
659
658
658
658
659
659
659
659
659
658
657
657
656
656
656
655
655
656
Intensidad
655
655
655
655
655
655
655
654
655
655
655
655
655
655
654
654
654
654
654
654
654
654
654
654
654
654
653
653
653
653
653
653
653
653
653
653
653
653
653
653
653
653
653
653
653
653
653
653
653
654
654
654
655
655
655
655
654
654
655
655
655
655
656
656
656
656
656
656
656
656
656
656
656
656
656
656
656
656
656
656
656
657
656
656
655
655
655
655
655
656
656
656
656
656
656
656
656
656
656
656
Intensidad
653
654
654
654
654
654
654
654
654
654
654
654
654
654
654
654
654
654
654
654
654
654
654
654
655
654
655
655
655
655
655
655
655
655
655
655
655
655
655
655
655
655
656
655
655
655
655
656
656
656
656
657
657
657
657
657
657
657
658
658
658
658
657
657
657
657
657
657
657
658
658
658
658
658
658
658
658
658
659
659
659
659
659
659
659
658
658
657
657
657
657
657
657
657
658
657
657
657
656
657
Intensidad
675
674
675
675
675
675
675
675
675
675
675
675
675
675
675
675
675
675
675
675
675
675
675
675
676
676
676
676
676
676
676
676
676
676
676
676
676
676
676
676
676
676
676
676
676
676
676
677
677
676
676
677
676
676
677
677
677
677
677
677
677
677
677
677
677
677
677
677
677
677
677
677
677
677
677
677
677
677
677
677
677
677
677
677
677
677
677
677
678
678
678
678
678
677
678
677
678
678
678
678
Intensidad
607
607
607
607
607
607
608
608
608
608
607
607
607
607
607
607
607
607
607
607
607
607
607
607
607
607
607
607
606
606
606
606
606
606
606
606
606
607
606
606
606
606
605
605
605
605
605
606
605
605
605
605
605
605
605
606
606
606
606
607
606
606
606
606
606
605
605
604
604
604
604
604
604
604
604
604
604
604
604
604
604
604
604
604
604
605
605
605
605
605
605
606
605
605
605
605
605
605
605
605
Intensidad
635
636
635
636
636
636
636
636
636
636
636
636
636
636
636
636
636
636
636
636
636
636
636
636
636
636
636
637
637
636
637
637
636
637
637
637
637
637
637
637
637
637
637
637
637
637
637
637
637
637
637
637
638
638
638
638
638
638
638
638
638
638
638
638
638
638
638
638
638
638
638
638
638
638
638
638
639
639
639
639
639
639
639
639
639
639
639
639
639
639
639
639
639
639
639
639
639
639
639
639
Intensidad
633
632
632
632
632
632
632
632
632
632
632
632
632
632
632
632
632
632
632
632
632
632
632
632
632
632
632
632
632
632
632
632
632
631
631
631
631
631
631
631
631
631
631
631
631
631
631
631
631
631
631
631
631
631
631
631
631
631
631
631
631
631
631
631
631
631
631
631
631
631
631
631
631
631
631
631
631
631
631
631
631
631
631
631
631
631
631
631
631
630
630
630
630
631
630
630
630
630
630
630
Intensidad
641
641
641
641
641
641
641
641
641
641
642
641
642
642
642
642
642
642
642
642
642
642
642
642
642
642
642
642
642
642
643
643
643
643
643
643
643
643
643
643
643
643
643
643
643
643
643
643
643
643
643
644
643
644
644
644
644
644
644
644
644
644
644
644
644
644
644
644
644
644
644
645
645
644
645
645
645
645
645
645
645
645
645
645
645
645
645
645
645
645
645
646
646
646
646
646
646
646
646
646
Intensidad
671
671
671
671
671
671
671
671
671
671
671
671
671
671
671
671
671
671
671
671
671
671
671
671
671
671
670
671
670
671
671
670
670
671
670
670
670
671
670
670
670
670
670
670
670
670
670
670
670
670
670
670
670
670
670
670
670
670
670
670
670
670
670
670
670
670
670
670
670
670
670
670
669
670
670
670
670
670
670
670
670
671
669
668
669
669
669
669
670
670
669
669
669
669
669
669
669
669
669
669
Intensidad
645
645
645
645
645
645
645
645
645
645
644
644
644
644
644
644
644
644
644
644
644
644
643
643
643
644
644
644
643
643
643
644
644
644
644
643
643
643
643
643
643
643
643
643
643
643
643
642
642
643
643
643
643
643
643
643
642
643
643
643
643
643
643
642
643
643
643
643
643
643
643
643
643
643
643
643
643
643
643
643
643
643
643
643
643
643
643
643
643
643
643
643
643
643
643
643
643
643
643
643
Intensidad
614
614
613
612
611
610
609
608
608
607
607
607
607
606
607
606
606
607
606
605
603
600
598
597
597
598
599
600
601
601
601
600
599
599
599
600
600
600
601
601
602
603
604
606
607
608
608
609
608
608
608
608
608
608
608
608
607
608
608
608
609
609
610
610
609
609
609
609
609
608
608
608
608
609
609
610
609
609
609
609
608
608
607
607
607
605
604
602
600
599
598
597
597
597
597
597
597
598
599
599
Intensidad
539
539
539
539
539
539
539
539
540
540
540
541
541
542
542
543
543
543
542
542
541
541
541
543
544
545
545
545
545
546
546
546
546
546
546
546
546
547
547
548
548
548
549
548
548
548
548
548
548
548
548
548
547
547
546
546
545
545
546
546
546
547
546
546
545
544
543
542
541
539
537
536
535
534
534
534
534
535
535
535
535
535
535
535
535
536
537
538
538
538
538
538
538
538
538
537
536
536
535
535
Intensidad
549
549
549
549
549
549
549
549
549
549
548
548
547
547
547
547
547
547
546
546
546
546
546
545
545
545
544
543
542
541
540
540
540
541
542
544
544
545
545
546
546
545
545
545
545
545
546
546
546
547
546
546
545
545
545
545
545
546
546
547
548
549
550
550
549
549
548
548
547
547
547
547
547
546
546
546
546
546
546
546
547
547
547
547
548
548
548
548
547
547
548
550
551
551
551
550
550
550
550
551
Intensidad
553
553
553
553
553
552
552
551
550
550
550
550
550
551
551
551
551
550
551
552
555
557
558
558
555
553
552
553
554
555
555
554
553
552
552
551
551
551
550
550
551
552
553
555
556
557
558
559
561
561
561
562
562
561
562
561
561
562
564
565
565
568
569
569
564
559
556
552
548
543
538
533
531
529
527
526
525
525
526
527
528
529
531
532
535
537
538
538
538
537
536
535
535
535
535
535
536
536
537
537
Intensidad
538
538
539
539
539
539
540
540
540
540
540
540
540
540
541
541
540
540
539
539
539
539
540
539
539
538
538
538
538
538
538
537
537
537
538
538
539
539
539
539
538
538
537
537
537
538
539
539
539
539
538
538
538
538
539
539
539
539
538
538
538
538
539
540
541
542
542
542
542
541
541
540
540
540
540
540
540
540
540
541
541
541
541
541
541
541
541
541
542
542
542
542
542
543
543
543
542
542
542
542
Intensidad
531
529
527
526
525
524
524
524
523
523
523
522
521
520
519
518
518
518
517
517
516
515
514
513
513
513
513
514
514
514
514
515
515
516
515
515
516
519
522
523
523
522
519
517
516
515
516
517
517
516
514
512
510
509
509
510
511
512
511
510
510
509
510
511
512
514
515
515
516
516
516
517
517
517
516
515
514
513
513
512
512
511
510
509
507
506
505
504
502
501
500
498
496
493
489
486
481
477
472
468
Intensidad
533
534
534
534
534
534
534
533
533
533
533
533
533
533
532
532
532
532
532
532
532
532
531
531
530
530
530
530
530
531
531
531
532
532
532
532
532
532
531
531
531
530
530
530
530
530
530
530
530
529
529
529
529
529
529
529
530
530
530
531
531
530
530
529
529
529
529
530
531
531
532
532
533
533
534
534
534
535
536
536
537
538
539
539
538
537
536
534
532
531
531
532
533
535
536
538
538
538
537
535
Intensidad
521
521
521
521
521
521
521
521
521
522
523
523
523
523
523
523
522
522
521
521
521
521
521
521
522
522
523
523
524
523
523
523
522
521
520
519
518
518
518
518
519
520
521
521
521
520
520
519
519
519
519
519
519
518
518
518
518
518
518
519
519
519
520
520
520
520
520
520
520
520
520
520
521
521
521
521
520
520
520
520
520
519
519
518
518
517
517
516
517
517
518
519
519
520
520
520
520
520
520
520
Intensidad
520
519
518
518
518
518
519
519
519
519
519
519
518
519
519
519
519
519
519
519
519
519
519
519
518
517
517
517
517
517
518
517
517
517
516
517
517
518
518
518
519
519
518
518
518
517
517
517
517
517
517
518
517
517
517
517
517
517
517
517
517
516
516
516
516
516
516
517
517
518
518
518
517
517
517
517
518
518
519
519
519
519
519
519
519
519
520
520
520
520
521
521
520
520
520
520
519
519
519
519
Intensidad
536
534
532
531
531
532
533
534
534
533
532
531
531
531
532
533
533
533
532
532
532
532
533
534
534
533
533
533
533
534
534
534
534
533
532
532
532
532
532
532
532
532
532
532
532
532
532
532
531
531
530
530
530
530
530
530
530
530
530
530
531
531
531
530
530
529
529
530
531
533
534
534
534
533
532
531
531
530
531
531
531
531
530
530
530
529
529
530
530
529
529
528
528
528
528
530
532
534
536
536
Intensidad
519
520
520
520
520
520
520
520
520
519
518
518
518
519
518
518
518
518
519
519
519
520
520
521
521
522
522
522
522
522
522
522
523
524
524
525
525
525
525
524
524
525
525
525
526
526
525
525
525
525
525
526
526
526
526
527
528
528
530
530
530
530
530
530
530
530
529
529
529
530
531
532
532
532
532
531
530
531
531
532
532
532
531
530
530
530
531
532
533
534
534
533
533
532
531
531
530
529
528
527
Intensidad
514
515
516
516
515
514
514
513
513
513
513
513
513
513
513
514
513
513
512
512
511
511
511
511
511
511
511
511
511
511
511
512
512
512
512
512
512
512
512
512
513
512
512
512
512
513
514
515
515
515
515
515
515
515
515
515
515
514
514
514
515
515
515
515
515
515
515
515
516
516
516
515
514
514
515
516
517
516
516
516
516
517
517
518
518
518
518
518
518
518
518
518
518
518
518
519
519
519
519
519
Intensidad
512
512
512
512
511
511
511
511
511
511
511
511
511
511
511
511
510
510
509
509
508
508
508
508
508
508
507
507
506
506
505
505
504
504
504
505
505
505
505
505
505
505
505
506
506
506
506
506
507
508
508
509
509
509
509
509
509
510
510
511
512
512
512
512
512
512
511
511
511
512
511
511
511
511
511
511
511
510
509
509
509
509
509
509
509
509
510
510
511
511
511
510
510
510
509
509
510
510
511
511
Intensidad
520
520
521
521
521
521
521
521
520
520
520
520
520
520
520
520
520
520
521
521
521
521
521
520
520
519
519
519
520
521
521
522
522
523
523
523
523
523
524
524
525
525
525
525
524
524
523
524
524
525
525
525
524
524
524
523
524
524
524
524
524
524
523
523
523
523
524
524
523
523
523
524
525
526
527
528
528
527
525
524
523
523
524
525
525
525
525
524
524
525
525
525
525
525
525
526
526
527
527
527
Intensidad
494
493
492
490
490
491
492
493
493
495
496
498
500
502
504
506
508
510
511
512
513
512
511
509
508
506
505
505
504
504
505
506
507
508
508
509
509
510
510
510
511
511
512
512
512
512
513
514
514
515
515
516
515
516
515
515
515
515
515
515
515
515
515
516
516
517
518
518
519
519
519
518
518
518
518
518
518
517
516
516
515
515
515
516
516
516
516
516
516
515
515
514
515
515
515
515
516
515
516
516
Intensidad
483
482
482
481
481
481
481
482
482
482
482
483
483
484
484
485
485
484
484
484
483
483
483
483
483
484
485
487
489
491
492
491
490
489
488
488
488
488
489
491
492
494
496
496
496
495
493
491
491
492
493
495
495
495
494
493
492
492
493
494
495
495
495
496
497
499
501
505
508
510
511
512
511
510
509
508
508
509
509
509
508
505
502
499
496
494
492
492
492
500
508
509
512
511
513
514
515
517
517
517
Intensidad
553
553
553
553
553
553
553
553
553
553
553
553
553
553
553
553
553
553
553
553
553
552
553
553
553
553
553
553
553
553
553
553
553
553
553
552
552
552
552
552
552
552
552
552
552
552
552
552
552
552
553
553
553
553
552
552
552
552
552
552
552
552
552
552
552
552
552
552
552
552
552
552
552
552
552
552
552
552
552
552
552
552
552
552
552
552
551
552
551
551
551
551
551
551
551
551
551
552
552
551
Intensidad
505
505
504
504
503
503
503
503
502
502
501
501
500
499
498
498
497
498
499
500
501
502
502
501
501
500
499
498
497
496
496
495
494
493
492
492
492
493
494
495
496
496
495
494
492
491
490
491
492
494
496
496
497
497
496
496
496
496
496
496
496
497
497
498
499
500
500
500
498
496
494
493
492
492
492
492
492
493
494
496
498
500
502
503
503
501
499
496
493
491
489
490
491
492
493
494
493
493
492
492
Intensidad
495
496
497
498
499
498
498
497
495
494
494
493
493
494
494
493
493
493
492
492
492
492
491
491
491
490
490
489
489
488
488
487
487
487
487
487
487
488
488
488
488
488
488
488
488
487
487
487
487
487
487
487
487
488
488
489
490
491
491
490
490
489
489
490
490
491
492
492
491
491
489
488
487
487
487
487
487
487
486
486
486
486
487
487
487
487
487
487
487
487
488
488
488
488
487
487
486
487
487
487
Intensidad
486
486
486
486
486
487
487
487
487
487
487
487
487
487
487
487
487
487
486
486
486
486
486
487
487
487
487
487
487
487
487
487
487
487
486
486
486
487
487
487
487
487
487
487
487
487
487
487
487
487
487
487
487
487
487
487
487
487
487
487
487
487
487
487
487
487
487
487
487
487
487
487
487
487
487
487
487
487
487
487
488
488
488
487
487
487
488
487
488
488
488
488
488
488
489
490
491
492
494
495
