Intensidad
375
375
375
375
375
375
375
375
375
375
375
375
375
375
375
375
375
375
375
375
375
375
375
375
375
375
375
375
375
375
375
375
375
375
374
375
375
374
375
375
374
375
374
374
374
374
374
374
374
374
374
374
374
374
374
374
374
374
374
374
374
374
374
374
374
374
374
374
374
374
374
374
374
374
374
374
374
374
374
374
374
374
373
373
373
373
373
373
373
373
373
373
373
373
373
373
373
373
373
373
Intensidad
364
364
364
364
364
364
364
364
364
364
364
364
364
363
364
364
363
363
364
363
364
363
363
363
363
363
363
363
363
363
363
363
363
363
363
363
363
363
363
363
363
363
363
363
363
363
363
363
363
363
363
363
363
363
363
363
363
363
363
363
363
363
363
363
363
363
363
363
363
363
362
363
362
363
363
363
363
363
363
362
362
362
362
362
362
362
362
362
362
362
362
362
362
362
362
362
362
362
362
362
Intensidad
364
364
364
364
364
364
364
364
364
365
364
364
364
364
364
364
364
364
364
364
364
364
364
364
364
364
364
364
364
364
364
364
364
364
364
364
364
364
364
364
364
364
364
365
364
365
365
365
365
364
365
365
365
365
365
365
365
365
365
365
365
365
365
365
365
365
365
365
365
365
365
365
365
365
365
365
365
365
365
365
365
365
365
365
365
365
365
365
365
365
365
365
365
365
365
365
365
365
365
365
Intensidad
379
379
379
379
379
379
379
379
379
379
379
379
380
379
379
380
379
380
379
380
380
380
380
380
380
380
380
380
380
380
380
380
380
380
380
380
380
380
380
380
380
380
380
380
380
380
380
380
380
380
380
380
380
380
380
381
380
381
380
381
381
381
381
381
381
381
381
381
381
380
381
381
381
381
381
381
381
381
381
381
381
381
381
381
381
381
381
381
381
381
381
381
381
381
381
381
381
381
381
381
Intensidad
390
390
390
390
390
390
390
390
390
390
390
390
390
390
390
390
390
390
390
390
390
390
390
390
390
390
390
390
390
390
390
390
390
390
390
390
390
391
390
390
390
390
390
390
390
390
390
390
390
390
390
390
390
390
390
391
391
390
390
390
390
391
391
390
390
390
390
390
390
390
390
391
390
390
391
390
391
390
390
390
390
391
390
390
391
390
390
391
391
391
390
391
391
391
391
391
391
391
391
391
Intensidad
396
395
396
395
396
395
395
395
395
395
395
395
396
395
395
395
395
395
396
396
396
395
395
395
395
395
395
396
396
395
395
395
395
395
395
395
395
395
395
395
395
395
396
395
395
395
395
395
395
395
395
395
395
395
395
395
396
395
396
396
396
395
396
396
396
396
396
396
396
396
396
396
397
397
396
397
396
397
397
397
397
397
397
397
397
397
397
397
397
397
397
397
397
397
397
397
397
397
397
397
Intensidad
397
397
397
397
397
397
397
397
397
397
397
396
396
396
396
397
397
396
397
397
396
397
396
397
397
397
397
397
397
397
397
397
397
397
397
397
397
397
397
397
397
396
397
397
397
397
397
397
397
397
398
397
398
397
398
397
397
398
398
398
398
398
399
398
398
399
398
399
399
399
399
399
398
399
398
398
399
399
400
399
399
399
399
399
398
399
399
399
399
399
399
398
398
399
399
398
399
399
399
399
Intensidad
403
403
403
403
403
403
403
403
403
402
402
403
402
403
403
403
403
403
403
403
403
403
403
403
403
403
403
403
403
403
403
403
403
403
403
403
403
403
403
403
403
403
403
403
403
403
403
403
403
403
403
403
403
403
403
403
403
403
404
404
403
404
403
403
404
403
403
403
403
404
404
403
404
403
403
403
403
404
403
403
403
403
403
403
403
403
403
404
403
404
403
403
404
403
404
404
404
403
404
403
Intensidad
411
411
411
411
411
412
411
411
411
411
412
412
412
411
411
412
412
411
412
412
412
411
411
412
411
412
412
412
412
411
411
412
412
411
412
412
412
412
412
412
412
412
412
412
412
412
412
412
412
412
412
412
412
412
413
412
412
412
412
412
412
412
412
413
412
413
412
412
412
412
412
413
412
412
412
413
412
412
412
412
412
412
412
413
412
413
413
412
413
412
412
413
413
413
413
412
413
412
412
413
Intensidad
417
417
416
417
417
417
417
417
417
417
417
416
416
417
417
417
417
417
416
416
416
416
416
417
417
417
417
417
417
416
416
416
416
416
417
417
417
417
417
417
416
416
417
417
417
417
417
417
417
417
417
417
416
416
417
417
416
416
416
416
416
416
416
416
416
416
416
416
416
416
416
416
416
416
416
416
416
416
416
416
416
416
416
416
416
416
416
416
416
416
416
416
416
416
416
416
416
416
416
416
Intensidad
418
418
418
418
418
418
418
418
418
418
418
418
418
418
418
418
418
418
418
418
418
418
418
418
418
418
417
418
418
418
418
417
417
417
417
417
417
417
418
417
417
417
417
417
417
417
418
417
417
417
417
417
417
417
418
417
417
417
417
417
417
417
417
417
417
417
417
417
417
417
417
417
417
417
417
417
417
417
417
417
417
417
417
417
417
417
417
417
417
417
418
418
418
417
417
417
417
417
417
417
Intensidad
414
414
414
414
414
414
414
414
414
414
414
414
414
414
414
414
413
414
413
414
414
414
414
414
414
414
413
413
413
414
414
414
414
414
413
413
413
413
413
413
413
413
413
413
413
413
413
413
413
413
413
413
413
413
413
413
413
413
413
413
413
413
413
413
413
413
413
413
413
413
413
413
413
413
413
413
413
413
413
413
413
413
413
413
413
413
413
413
413
413
413
413
413
413
413
413
413
413
413
413
Intensidad
407
407
407
407
408
408
408
408
407
407
407
407
407
407
407
407
407
407
407
407
407
406
406
406
406
407
407
406
407
406
406
407
406
406
406
406
406
406
406
406
406
406
407
406
406
406
406
406
406
406
406
406
406
405
406
406
406
406
406
406
406
406
406
405
405
406
406
406
406
406
406
406
405
405
405
405
405
406
405
406
406
406
405
405
405
405
405
405
405
406
406
405
406
405
405
405
405
405
404
405
Intensidad
400
400
400
400
400
400
400
399
399
399
400
400
400
400
400
400
399
400
400
400
400
400
399
399
399
399
399
399
399
399
399
399
399
399
399
399
399
399
399
399
399
399
399
399
399
399
399
399
399
399
399
399
399
399
399
399
399
399
399
399
399
399
399
399
399
399
399
399
399
399
399
399
398
398
398
398
398
399
399
399
399
399
399
399
399
399
399
399
399
399
399
399
399
399
399
399
399
399
399
398
Intensidad
394
395
394
394
394
394
394
394
394
394
394
394
394
394
394
394
394
394
394
394
394
394
394
394
394
394
394
394
394
394
393
394
394
394
394
394
394
394
394
394
394
394
393
393
393
394
393
394
393
394
394
394
393
393
393
393
393
393
393
393
393
393
393
393
393
393
393
393
393
393
393
393
393
393
393
393
393
393
393
393
393
393
393
393
393
393
393
393
393
393
393
393
393
393
393
393
393
393
393
393
Intensidad
390
390
390
390
390
390
390
390
390
390
390
390
390
390
390
390
390
390
390
390
390
390
390
390
390
390
390
390
390
390
389
389
389
389
389
390
390
390
390
390
390
389
390
389
389
389
389
389
390
389
390
389
389
389
389
389
389
389
389
389
389
389
390
389
389
389
389
389
389
389
389
389
390
389
389
389
389
389
389
389
389
389
389
389
389
389
390
389
389
389
389
389
389
389
389
390
389
389
389
389
Intensidad
388
388
387
388
388
388
388
388
388
388
388
388
388
388
388
388
388
388
388
388
388
388
388
388
388
388
388
388
388
388
388
388
388
388
388
388
388
388
388
388
388
388
388
388
388
388
388
388
388
388
388
388
388
388
388
388
388
388
388
388
388
388
388
388
388
388
388
388
388
388
388
388
388
388
388
388
388
388
388
388
388
388
388
388
388
388
388
388
388
388
388
388
388
388
388
388
388
388
388
388
Intensidad
388
388
388
388
388
388
388
388
388
388
388
388
388
388
388
388
388
388
388
388
388
388
388
388
388
388
388
388
388
388
388
388
388
388
388
388
388
389
388
388
388
388
388
388
388
388
388
388
388
388
388
388
388
388
388
388
388
388
388
388
388
388
388
388
388
388
388
388
388
388
388
388
388
388
388
388
388
388
388
388
388
388
388
389
388
388
388
388
389
388
388
389
389
389
388
388
389
389
388
389
Intensidad
388
388
388
388
388
388
388
388
388
388
388
388
388
388
388
388
388
388
388
388
388
388
388
388
388
388
388
388
388
388
388
388
388
388
388
388
388
388
388
388
388
388
388
388
388
388
388
388
388
388
388
388
388
388
388
388
388
388
388
388
388
388
388
388
388
388
388
388
388
388
388
388
388
388
388
388
388
388
388
388
388
389
388
388
388
388
388
388
388
389
388
388
389
389
388
389
389
388
388
388
Intensidad
387
387
387
387
387
388
387
387
387
387
387
388
387
387
387
387
387
387
387
387
387
388
388
387
387
387
387
387
387
387
388
388
387
388
387
387
387
387
387
387
388
388
388
387
388
387
387
387
387
387
387
388
388
387
388
388
387
387
387
388
388
388
388
388
388
388
388
388
388
388
388
388
388
388
388
388
388
388
388
388
388
388
388
388
388
388
388
388
388
388
388
388
388
388
388
388
388
388
388
388
Intensidad
387
387
387
387
387
387
387
387
387
387
387
387
387
387
387
387
387
387
387
388
387
387
387
387
387
387
387
387
387
387
387
387
387
387
387
387
387
387
387
387
387
387
387
387
387
387
387
387
388
387
387
387
387
387
387
387
387
387
387
387
387
387
387
387
387
387
387
387
387
387
387
387
387
387
387
387
387
387
387
387
387
387
387
387
387
387
387
387
387
387
387
387
387
387
387
388
387
387
387
387
Intensidad
387
387
387
387
387
387
387
387
387
387
387
387
387
387
387
387
387
387
387
387
387
387
387
387
387
387
387
387
387
387
387
387
387
387
387
387
387
387
387
387
387
387
387
387
387
387
387
387
387
387
387
387
387
387
387
387
387
387
387
387
387
387
387
387
387
387
387
387
387
387
387
387
387
387
387
387
387
387
387
387
387
387
387
387
387
387
387
387
387
387
387
387
387
387
387
387
387
387
387
387
Intensidad
388
388
388
388
388
388
388
388
388
388
388
388
388
388
388
388
388
388
388
388
388
388
388
388
388
388
388
388
388
388
388
389
388
388
388
388
388
388
388
388
389
388
389
388
388
388
388
389
389
389
389
389
389
389
389
389
389
389
389
389
389
389
389
389
389
389
389
389
389
389
389
389
389
389
389
389
389
389
389
389
389
389
389
389
389
389
389
389
389
389
389
389
389
389
389
389
389
389
389
389
Intensidad
390
391
390
390
390
390
390
390
390
390
390
390
390
390
390
390
390
390
390
391
391
391
391
390
390
391
390
390
390
390
391
390
391
391
390
391
391
391
391
390
391
391
391
391
391
390
391
391
391
391
391
391
391
391
391
391
391
391
391
391
391
391
391
391
391
391
391
391
391
391
391
391
391
391
391
391
391
391
391
391
391
391
391
391
391
391
391
391
391
391
391
391
391
391
391
391
391
391
391
391
Intensidad
392
392
392
392
392
392
392
393
392
392
392
392
392
392
392
392
392
392
392
392
392
392
392
392
393
393
392
392
392
392
393
392
392
393
392
392
392
392
392
392
392
392
392
392
392
393
393
392
393
392
393
393
392
393
392
393
392
393
393
392
393
393
393
393
392
393
393
393
393
393
393
393
393
393
393
392
393
393
393
393
393
393
393
393
393
393
393
393
393
393
393
393
393
393
393
393
393
393
393
393
Intensidad
395
394
395
394
395
395
395
395
395
395
395
395
395
395
395
395
395
395
395
395
395
395
395
395
395
395
395
395
395
395
395
395
395
395
395
395
395
395
395
395
395
396
395
396
396
395
395
395
396
396
395
396
396
395
396
395
395
396
395
395
396
395
396
396
396
396
396
396
396
396
395
395
396
396
396
396
396
396
396
396
396
396
396
396
396
396
395
396
396
395
396
395
396
396
396
396
396
396
396
396
Intensidad
401
401
401
401
401
401
401
402
401
402
402
402
402
402
402
402
402
402
402
402
402
402
402
402
402
402
402
402
402
402
402
402
402
402
402
402
402
402
402
402
402
402
402
402
402
402
402
402
402
402
402
402
402
402
403
403
403
403
403
403
403
403
403
403
403
403
403
403
403
403
403
403
403
403
403
403
403
403
403
403
403
403
403
403
403
403
403
403
403
403
403
404
404
403
403
403
403
404
404
404
Intensidad
412
412
412
412
412
413
413
413
413
412
412
413
413
413
413
413
413
413
413
413
413
413
413
413
413
414
413
413
413
413
413
413
413
414
413
413
413
414
414
413
414
413
413
414
414
414
414
414
414
414
413
414
414
414
414
414
414
414
414
414
414
414
414
414
414
414
414
414
414
414
414
414
414
414
415
414
415
415
415
415
415
415
414
415
415
415
415
415
415
415
415
415
415
415
415
415
415
415
415
415
Intensidad
431
431
430
430
430
430
431
431
431
431
431
431
431
431
431
431
431
431
431
431
431
431
431
431
431
431
431
431
431
431
432
432
432
432
432
432
432
431
431
432
432
432
432
432
432
432
432
432
432
432
432
432
432
433
433
432
432
432
432
432
432
433
433
433
433
433
432
432
432
433
433
433
433
433
433
433
433
433
433
433
434
434
433
433
433
433
433
434
434
434
434
434
433
433
433
433
433
433
433
434
Intensidad
445
445
445
445
445
445
445
445
445
445
445
445
445
445
446
446
446
446
446
446
446
446
446
446
446
446
446
446
446
446
446
446
446
447
447
447
447
447
447
447
447
447
447
447
447
447
447
447
447
447
447
447
447
447
448
448
448
447
447
448
448
448
448
448
448
448
448
448
448
448
448
448
448
448
448
448
448
449
449
449
449
449
449
449
449
449
449
449
449
449
449
449
449
449
449
449
449
449
449
449
Intensidad
465
466
465
466
466
466
466
466
466
466
466
466
466
466
466
466
466
466
466
467
467
467
467
467
467
467
467
467
467
467
467
467
467
467
467
467
467
467
467
467
467
468
467
468
468
468
468
468
468
468
468
468
468
468
468
468
468
468
468
468
468
468
468
468
468
468
468
468
468
468
468
468
468
468
468
469
469
468
468
468
468
468
469
469
469
469
469
469
469
469
469
469
469
469
469
469
469
469
469
469
Intensidad
480
481
480
481
481
481
481
481
481
481
481
481
481
481
481
481
481
481
481
481
481
481
481
481
481
481
481
481
481
481
481
482
482
482
482
482
482
482
482
482
482
482
482
482
482
482
482
482
482
482
482
483
482
482
482
482
482
483
483
483
483
483
483
483
483
483
483
483
483
483
483
483
483
483
483
483
483
483
483
483
483
483
483
484
484
484
484
484
484
484
484
484
484
484
484
484
484
484
484
484
Intensidad
494
494
494
494
494
494
494
494
494
494
494
495
494
494
494
494
494
495
495
495
495
495
495
495
495
495
495
496
496
496
496
495
495
495
495
496
496
496
496
496
496
496
495
496
496
496
496
496
496
496
496
496
496
496
496
496
496
496
496
496
496
496
497
496
496
496
496
496
497
497
497
497
497
496
497
496
497
497
497
497
497
497
497
497
497
497
497
497
497
497
497
497
497
497
497
498
498
498
498
498
Intensidad
503
503
503
503
503
503
503
503
503
503
503
503
503
503
503
503
503
503
503
503
503
503
503
503
503
503
503
504
504
504
504
504
504
503
504
504
504
504
504
504
504
504
504
504
504
504
504
504
504
504
504
504
504
504
505
505
505
505
505
505
505
505
505
505
505
505
505
505
505
505
505
505
505
505
505
505
505
505
505
505
505
505
506
506
506
506
505
505
505
505
505
505
506
506
506
506
506
506
505
505
Intensidad
510
510
510
510
510
510
510
510
510
510
510
510
510
510
510
510
510
510
510
510
510
510
510
510
510
510
510
511
511
510
511
510
510
510
510
510
511
511
511
511
511
511
511
511
511
511
511
511
511
511
511
511
511
511
511
511
511
511
511
511
511
511
511
511
511
511
511
511
511
511
511
511
511
511
511
511
511
511
511
511
511
511
511
511
511
511
511
511
511
511
512
511
511
511
512
512
512
512
511
512
