Intensidad
65
64
64
65
64
64
64
64
64
64
65
64
64
64
64
64
64
64
64
64
64
65
64
64
64
64
64
64
64
64
64
64
64
64
65
64
64
64
64
64
64
64
64
64
64
64
64
64
64
64
64
64
64
64
64
64
64
64
64
65
64
64
64
64
64
64
64
64
64
64
64
64
65
64
64
64
64
64
64
64
64
64
64
64
65
64
64
64
64
64
64
64
64
64
64
64
64
64
64
64
Intensidad
61
60
60
60
60
60
60
60
60
61
61
61
61
60
60
61
61
60
61
61
61
61
61
61
60
61
61
61
60
61
61
61
60
61
61
61
60
60
61
61
60
60
61
60
60
60
60
60
59
61
61
61
60
61
61
61
60
61
61
60
61
61
61
61
61
61
61
60
60
61
61
60
60
61
61
60
60
61
60
60
60
60
61
60
61
61
61
60
61
61
61
60
61
61
61
60
61
61
61
61
Intensidad
61
61
62
62
61
62
61
61
61
61
61
61
61
62
61
61
60
61
61
61
60
62
62
61
61
61
61
61
61
61
61
61
61
61
61
62
62
61
61
62
61
61
61
61
62
61
62
62
62
61
61
62
61
61
61
62
61
60
60
61
61
60
61
61
61
61
60
61
61
60
61
61
61
61
61
63
61
61
61
62
61
62
61
62
61
60
61
61
61
61
61
62
61
61
61
61
61
61
61
62
Intensidad
62
62
63
62
63
63
62
62
62
63
62
62
62
62
62
63
63
62
62
63
62
62
62
62
62
62
63
62
63
62
63
63
63
63
63
63
63
63
63
63
62
62
63
63
62
64
64
63
62
63
63
63
63
63
63
63
63
63
63
62
63
63
63
62
62
63
62
62
63
63
62
63
63
61
62
62
63
62
61
62
63
62
63
62
63
62
62
63
63
62
62
62
63
62
62
63
62
62
62
61
Intensidad
63
62
63
62
62
62
63
63
63
63
62
62
62
63
63
63
62
63
63
62
63
63
63
63
63
63
62
63
63
62
63
63
63
62
63
63
63
62
63
63
63
62
63
63
62
63
63
63
62
62
63
62
62
62
63
63
62
63
62
62
62
63
63
61
62
63
61
62
62
62
63
62
62
63
62
62
63
63
63
62
63
63
62
62
63
63
62
63
63
62
63
63
63
62
62
63
63
62
63
62
Intensidad
63
63
62
62
63
64
62
62
63
63
63
63
63
64
62
63
62
63
63
63
62
62
62
63
63
62
62
62
63
62
63
62
62
62
62
63
63
62
63
63
63
63
62
63
63
62
62
63
62
62
63
63
63
62
63
63
62
63
63
63
62
63
63
63
62
63
63
63
62
62
63
62
62
63
62
62
62
63
63
62
62
63
62
62
62
63
64
62
63
64
63
62
63
63
63
62
63
63
63
62
Intensidad
66
66
66
66
66
66
65
66
66
66
66
65
66
67
66
66
67
67
66
66
66
66
66
66
66
66
66
66
66
66
65
66
66
66
65
65
66
67
65
65
66
67
67
66
66
66
67
66
66
66
66
66
65
66
66
66
65
66
67
66
66
66
67
66
65
66
65
66
66
65
66
66
65
65
66
66
66
65
66
67
66
65
66
66
65
65
65
65
65
65
66
66
66
65
66
66
66
65
66
67
Intensidad
69
69
69
69
69
70
69
69
70
68
68
70
69
69
69
69
70
69
69
69
70
68
69
70
69
69
69
69
69
69
69
70
69
69
69
69
69
69
68
70
69
69
69
70
69
69
69
69
68
68
69
68
68
68
68
69
68
68
69
70
69
69
68
69
68
68
69
69
69
68
68
70
69
69
67
69
69
70
68
69
69
69
69
69
69
68
67
69
68
69
68
69
69
69
68
69
69
69
68
68
Intensidad
72
72
72
72
73
73
73
73
72
72
72
73
73
72
73
74
73
73
73
74
73
72
74
73
73
72
73
73
72
73
73
73
72
73
73
72
72
73
73
72
72
73
73
74
73
73
73
74
73
73
74
73
73
73
74
73
73
73
73
73
73
73
73
72
73
73
73
72
73
73
73
72
73
73
73
72
73
73
73
72
72
72
73
72
72
73
72
72
73
73
73
72
73
73
72
72
72
73
72
73
Intensidad
78
79
79
78
79
79
79
78
78
78
78
79
78
77
78
79
78
78
78
79
78
77
78
79
78
78
79
79
79
78
79
78
78
79
79
78
79
78
79
79
78
77
79
79
78
77
78
78
78
77
79
78
78
78
79
78
78
78
79
79
78
79
78
79
78
79
78
78
78
78
79
78
78
78
79
78
78
78
78
78
78
78
79
78
78
79
79
78
78
79
78
78
78
79
79
78
78
78
78
78
Intensidad
86
86
86
86
86
87
86
86
86
86
86
86
85
86
85
85
85
86
86
86
85
86
85
86
85
86
86
86
86
87
86
86
86
87
86
86
86
86
86
86
86
86
86
85
86
84
86
85
86
86
86
86
86
86
86
86
87
86
86
86
87
86
86
85
87
87
86
86
87
86
86
86
86
86
85
86
87
86
86
86
87
87
86
87
88
86
86
87
87
86
86
85
86
87
87
85
86
87
86
86
Intensidad
89
90
89
89
89
89
90
90
89
90
90
90
89
90
90
90
90
90
90
89
88
89
89
89
89
89
89
89
89
89
89
89
89
89
90
90
89
89
89
89
89
89
89
90
89
88
90
90
90
89
90
90
89
89
89
89
89
90
88
89
89
89
89
90
90
89
89
89
89
89
89
90
89
89
90
88
90
90
90
89
90
90
89
88
88
90
89
88
89
90
89
90
90
89
89
89
89
88
89
89
Intensidad
92
93
93
93
93
93
92
92
93
92
93
92
93
92
93
93
93
92
93
93
93
93
93
94
93
93
93
93
93
93
93
92
92
92
92
93
92
91
92
93
93
92
93
93
93
92
92
93
92
92
92
92
92
92
92
93
93
92
92
93
93
92
91
93
92
92
92
92
93
93
92
92
93
93
93
91
93
93
92
92
92
93
92
92
92
93
93
92
92
93
93
92
91
91
93
92
92
92
93
92
Intensidad
97
96
96
97
97
97
97
97
97
96
96
97
97
96
96
98
96
97
97
97
97
97
98
97
97
96
98
97
97
96
97
96
96
97
96
97
96
96
96
97
97
97
97
98
98
97
97
97
97
97
97
97
97
97
97
97
97
97
97
97
96
96
97
97
96
96
96
97
96
96
96
96
96
96
97
97
96
96
96
97
96
96
96
97
97
97
97
97
97
96
96
97
97
96
96
96
96
96
96
97
Intensidad
99
100
100
100
100
100
101
100
100
100
101
100
100
99
100
101
100
99
100
100
100
100
100
99
99
100
100
100
100
101
100
100
100
100
101
100
99
100
100
100
100
99
100
100
100
99
100
100
99
100
100
99
100
100
100
100
101
101
100
100
100
101
100
100
100
101
100
100
100
100
101
99
100
100
100
99
99
99
100
99
99
100
100
100
100
99
99
100
100
99
100
99
99
100
99
100
100
100
100
100
Intensidad
104
103
104
103
103
103
104
105
103
104
104
104
104
104
104
104
104
104
104
103
104
104
104
104
103
104
104
103
103
104
103
104
103
104
104
104
104
104
104
104
104
104
104
105
103
104
104
104
103
104
104
103
103
104
104
104
104
104
104
104
104
105
103
104
104
104
103
104
105
104
104
104
104
105
104
103
104
104
103
104
104
103
103
104
103
104
104
103
103
105
104
104
104
104
104
103
103
103
104
103
Intensidad
106
106
107
107
107
106
107
106
106
107
106
106
106
106
105
107
107
106
106
107
106
106
106
107
107
106
107
107
106
106
107
107
106
107
107
107
107
106
107
106
107
106
106
107
106
106
107
106
106
105
107
106
105
106
107
106
106
106
107
106
106
107
107
107
106
106
107
107
107
106
106
106
106
106
107
107
107
106
105
106
105
105
107
106
106
106
107
107
106
106
106
105
105
106
105
105
106
106
106
106
Intensidad
109
108
106
107
108
109
108
108
108
108
107
108
109
108
108
108
109
108
108
107
108
109
108
108
108
109
108
107
108
108
108
107
108
108
108
108
108
108
108
108
108
109
108
107
108
108
109
107
108
109
108
107
108
108
107
108
108
109
107
108
109
107
107
108
108
108
108
108
108
107
108
108
108
108
108
108
108
108
109
107
107
107
108
108
108
108
107
108
107
108
107
109
107
108
107
108
108
108
107
107
Intensidad
109
110
109
109
109
109
109
109
109
109
109
109
109
109
109
109
110
109
109
110
110
109
109
109
109
109
109
109
110
109
109
109
110
109
109
110
110
108
110
109
109
110
109
109
109
110
109
109
110
109
109
110
110
110
109
110
109
109
110
110
110
110
110
110
110
109
109
110
109
109
109
109
109
109
109
110
109
109
110
109
110
110
109
109
110
110
109
109
110
110
108
109
109
109
108
109
110
110
108
109
Intensidad
110
110
110
111
110
110
110
109
110
110
110
109
108
110
111
109
109
110
110
109
109
110
109
109
109
110
109
109
110
111
110
110
110
110
110
110
110
110
111
110
110
111
110
109
110
110
110
110
111
110
109
110
110
109
109
110
110
109
109
110
110
109
110
110
110
110
109
110
111
110
109
110
110
110
110
110
111
109
109
110
110
109
109
110
109
108
108
110
110
109
109
110
109
110
109
110
110
110
109
109
Intensidad
108
109
109
109
109
109
109
109
110
109
109
109
109
109
109
109
109
108
108
108
109
108
108
109
110
108
108
109
108
108
109
109
108
109
109
109
109
109
108
109
109
109
109
110
109
109
109
110
109
109
110
109
109
109
109
109
109
109
110
108
109
109
109
109
109
109
109
109
109
109
108
108
108
109
109
109
109
109
108
109
109
109
108
108
109
109
109
108
108
108
107
108
108
109
109
108
107
109
109
109
Intensidad
107
107
107
108
107
108
107
107
107
107
107
107
108
107
107
107
106
107
107
106
107
107
107
106
108
107
106
107
107
107
106
107
106
106
107
107
106
107
107
108
107
107
107
106
106
107
107
107
107
108
107
108
107
107
107
108
108
107
108
107
107
107
107
106
107
107
107
107
106
107
107
107
107
106
106
106
106
107
107
106
106
106
107
106
106
107
108
107
106
107
106
107
107
106
106
106
106
107
107
106
Intensidad
105
104
104
104
104
104
105
104
105
104
104
104
105
104
105
105
105
104
105
105
105
104
105
105
105
104
105
105
104
104
105
105
105
105
105
104
105
104
105
104
104
104
104
104
104
105
104
104
105
105
105
104
104
104
104
104
105
105
104
104
104
105
104
104
105
106
105
104
104
105
105
105
105
105
104
105
105
105
104
104
104
104
103
104
104
104
104
104
104
104
104
104
104
104
105
104
104
104
103
105
Intensidad
101
101
102
101
101
102
101
100
102
101
101
102
100
101
101
101
100
101
101
101
100
101
101
100
101
101
101
100
100
102
101
101
102
101
101
101
102
102
101
101
101
102
102
101
102
102
101
102
101
102
101
101
102
100
102
102
102
101
102
102
101
101
103
102
101
102
102
101
102
100
101
101
101
100
101
101
100
101
101
101
100
101
101
101
100
101
102
101
101
101
101
102
101
102
101
100
101
101
101
101
Intensidad
99
98
99
99
98
99
99
99
99
99
99
99
98
99
99
98
100
99
99
99
99
100
100
100
99
99
98
99
100
99
99
99
99
99
99
99
99
99
99
99
99
99
98
99
99
99
99
99
98
98
99
99
98
99
99
99
98
98
99
99
98
99
99
99
98
99
99
100
98
99
99
99
98
99
99
99
99
99
99
99
100
100
100
99
100
100
100
99
99
98
100
99
99
100
99
99
99
99
98
99
Intensidad
96
95
95
95
95
95
95
95
95
95
95
95
95
95
95
95
95
95
94
95
95
95
94
95
96
95
95
95
95
95
95
95
95
95
94
95
96
95
95
96
95
96
95
95
95
95
96
96
95
96
96
96
95
96
96
96
96
96
96
95
96
96
96
95
96
96
96
95
96
95
96
95
96
96
96
95
96
95
95
95
95
95
94
95
95
95
94
96
95
94
95
95
95
95
95
95
94
94
94
95
Intensidad
92
91
91
91
91
91
91
90
91
91
91
91
92
90
91
92
91
90
91
91
91
90
91
91
90
91
90
91
91
90
90
91
90
91
90
91
90
90
90
91
90
91
90
92
91
90
90
91
91
90
90
92
91
90
91
91
91
90
92
91
91
90
91
91
91
90
90
91
91
90
91
91
91
91
91
91
91
91
91
91
91
91
91
91
91
91
91
91
91
91
91
91
91
91
91
91
91
91
91
91
Intensidad
86
85
86
86
85
86
85
86
86
85
85
86
86
86
86
86
86
85
86
86
86
85
85
86
86
86
86
86
86
86
86
86
86
86
86
86
86
86
86
86
86
86
85
85
85
86
86
85
85
85
85
85
85
85
86
85
85
85
85
86
86
85
85
86
86
85
86
86
86
85
86
86
86
85
85
86
85
86
85
85
85
85
86
85
85
85
86
86
85
85
85
86
85
85
86
85
85
85
86
85
Intensidad
81
81
81
81
82
81
81
81
81
82
81
81
81
81
81
81
82
81
81
81
81
82
81
81
82
81
81
81
81
81
81
81
81
81
81
81
81
81
81
81
81
81
81
82
81
81
81
81
81
81
81
81
82
81
81
81
81
81
81
82
81
81
82
81
82
81
81
81
81
81
81
81
81
81
81
81
81
81
82
81
81
81
81
81
81
81
81
81
81
81
81
81
82
81
81
81
81
81
81
81
Intensidad
80
80
80
80
80
80
79
80
80
79
80
79
79
80
80
79
79
80
79
79
80
79
79
79
80
80
80
79
79
79
80
80
80
80
79
80
80
80
80
80
80
80
80
80
80
81
81
79
81
80
80
80
81
80
80
80
81
80
80
81
80
80
81
80
80
80
80
81
80
80
81
81
81
80
81
80
80
81
80
80
80
80
81
80
80
81
81
80
81
80
80
80
80
80
81
80
80
80
80
79
Intensidad
78
78
77
78
76
76
78
77
77
77
77
77
77
78
77
77
78
78
77
78
77
78
77
78
78
78
77
78
77
77
78
78
78
78
78
78
78
77
78
79
78
77
78
78
77
78
79
78
78
79
78
78
78
78
78
78
78
78
78
78
79
78
78
78
77
79
78
77
78
78
78
78
78
78
78
78
79
78
78
78
77
78
77
78
77
77
77
77
77
77
77
78
78
78
78
78
77
77
78
77
Intensidad
73
73
72
72
73
73
73
72
73
73
73
73
73
72
73
73
72
72
73
72
72
71
73
72
72
72
72
72
71
72
72
72
71
72
73
73
72
73
72
73
72
71
72
73
71
72
72
72
73
72
72
73
72
71
72
71
71
72
72
72
71
71
72
72
71
73
72
71
71
72
73
72
72
72
72
71
72
71
72
71
71
71
72
71
71
71
72
72
72
72
72
71
71
72
72
72
71
72
72
71
Intensidad
65
64
65
65
64
64
65
65
64
65
65
64
64
65
64
64
65
65
64
65
64
65
64
64
65
64
64
64
64
64
65
64
64
64
64
65
64
64
64
65
64
64
65
64
64
65
65
65
64
64
65
64
64
64
64
64
64
65
64
64
64
64
64
63
63
64
64
64
63
64
65
64
64
64
65
64
64
64
65
64
64
64
65
64
64
65
65
63
64
64
64
64
63
64
64
64
63
64
64
64
Intensidad
59
60
60
60
60
60
60
60
61
61
60
60
60
61
60
60
60
60
60
60
60
60
60
59
61
61
60
60
60
60
60
61
60
60
60
60
59
60
60
60
60
60
60
61
60
60
61
60
60
61
61
60
60
61
60
61
61
61
60
60
62
60
60
59
60
60
59
59
60
60
59
60
60
60
59
60
60
59
59
60
61
60
59
61
61
60
60
60
60
60
60
60
61
60
61
61
60
59
60
61
Intensidad
59
58
58
57
57
58
58
58
58
57
57
58
58
57
57
58
59
58
58
58
58
58
58
59
58
58
59
58
57
59
58
58
58
58
58
58
59
58
59
58
58
59
58
58
58
58
57
59
58
58
59
58
58
58
59
59
58
59
59
60
58
59
59
59
58
59
60
59
59
59
60
59
59
59
59
59
60
59
59
59
59
59
59
60
60
58
59
59
60
58
60
59
58
58
59
59
59
58
59
59
Intensidad
58
58
59
59
60
59
59
59
59
59
60
59
59
60
60
60
59
59
58
59
59
59
60
59
60
60
59
60
60
59
59
60
60
59
59
60
60
59
59
60
59
60
61
60
59
60
61
60
59
60
60
60
60
60
59
60
60
59
60
59
60
59
60
60
60
59
60
60
60
60
60
60
59
59
60
59
60
59
61
59
59
60
60
60
60
60
59
60
60
59
59
59
60
60
60
59
60
59
60
60
Intensidad
60
59
58
60
59
60
59
58
59
59
58
58
58
58
58
59
59
58
59
59
58
58
59
59
59
59
60
58
58
59
59
58
59
59
60
59
58
59
60
59
58
58
59
58
58
59
58
58
59
59
58
58
59
58
58
58
58
58
58
57
58
57
57
57
59
58
57
58
58
57
58
58
58
58
58
58
58
58
58
59
58
58
58
58
57
58
58
58
58
59
59
59
58
58
59
58
58
58
59
57
Intensidad
55
54
55
55
55
54
54
55
54
54
55
55
54
55
55
54
55
54
54
54
55
54
54
55
55
54
54
54
54
54
54
55
55
53
54
54
54
53
54
54
54
52
54
54
54
53
54
53
54
54
53
54
54
53
54
54
53
53
54
53
53
53
54
53
53
54
54
53
54
54
53
54
54
53
53
53
54
53
52
53
53
53
53
54
53
53
53
53
53
52
53
53
53
52
53
53
52
52
53
53
Intensidad
46
46
47
47
47
47
46
47
48
47
47
48
46
47
47
46
47
47
46
46
47
46
47
47
47
46
47
47
47
47
47
47
46
46
47
47
46
47
47
47
47
47
47
47
48
47
47
47
47
48
47
48
47
47
47
48
47
46
47
47
47
47
47
47
47
46
47
46
47
47
47
46
47
47
47
48
46
47
47
46
47
47
47
46
47
47
47
47
47
47
46
47
47
47
47
47
47
47
46
48
Intensidad
47
47
47
47
47
47
47
47
48
46
47
48
48
47
47
48
47
47
47
48
48
47
47
48
47
47
48
47
47
48
47
47
48
48
47
48
47
48
47
47
48
48
47
47
47
47
47
47
47
47
46
48
47
47
48
47
47
47
47
46
47
48
47
47
47
48
47
47
48
48
47
47
47
47
48
48
47
47
47
48
47
47
48
47
47
47
47
47
47
48
47
47
47
47
47
47
47
48
47
47
Intensidad
49
49
49
49
49
49
48
49
49
48
49
48
49
49
48
49
49
48
49
49
48
49
49
49
49
50
50
49
49
50
50
49
49
49
50
49
48
49
49
49
48
49
50
49
49
49
49
48
50
49
49
49
49
48
49
49
48
49
50
49
49
50
49
49
49
50
50
49
50
50
48
49
49
50
49
50
49
49
49
49
49
49
49
49
49
48
49
49
49
49
50
49
49
48
49
48
48
49
49
49
Intensidad
51
49
50
50
50
50
50
49
49
50
50
49
50
50
50
50
50
49
50
50
49
50
50
50
49
49
49
50
49
50
49
48
50
50
50
49
49
50
50
49
50
50
50
49
50
50
49
50
51
49
50
50
50
49
50
50
49
50
50
50
50
50
49
50
49
50
50
49
50
50
50
49
51
50
50
49
50
49
50
50
50
51
49
50
50
50
49
50
50
50
50
50
50
50
50
50
50
49
51
50
Intensidad
54
54
54
55
55
53
53
54
54
53
54
53
53
54
54
53
53
54
54
53
54
53
53
54
55
54
54
54
54
54
55
54
53
53
54
53
53
54
55
54
54
54
54
53
53
54
54
53
54
53
53
53
54
52
54
54
53
53
53
54
53
53
54
54
52
53
53
53
53
54
53
53
53
54
53
53
53
53
53
54
54
53
52
54
53
52
53
53
52
53
53
54
54
53
53
53
53
52
54
54
Intensidad
57
56
56
56
56
56
56
55
56
56
55
57
56
56
57
57
56
56
57
56
55
57
56
55
55
56
56
56
56
56
55
56
56
55
55
56
56
56
56
56
55
56
56
56
56
57
56
56
56
56
56
56
56
56
56
57
56
55
55
56
55
55
56
55
55
55
56
55
54
56
56
55
55
56
55
55
56
56
55
55
56
55
56
56
55
55
55
55
55
55
55
56
55
55
56
56
55
55
56
55
Intensidad
58
59
58
59
59
59
58
59
59
59
59
58
58
59
58
58
58
58
58
58
59
58
59
60
58
58
59
58
59
60
59
59
59
59
59
58
59
58
58
58
60
57
58
59
58
58
58
58
58
58
59
59
59
59
59
59
60
59
58
58
59
58
58
59
59
58
58
59
58
58
58
58
58
59
60
59
59
59
59
59
59
59
57
58
59
57
58
59
58
58
58
58
58
58
58
59
59
59
58
58
Intensidad
63
63
62
62
62
62
62
62
62
62
62
62
62
62
62
62
62
61
61
62
62
61
62
62
62
62
63
62
62
63
62
62
62
62
62
62
62
63
62
62
62
62
62
61
62
62
61
36
20
13
17
23
25
62
62
61
42
27
21
20
20
19
20
20
20
20
21
21
20
21
22
62
62
62
62
58
35
27
22
20
16
8
11
13
10
4
10
13
11
3
6
9
9
8
1
0
0
0
0
0
Intensidad
67
67
67
67
67
67
67
66
66
66
66
66
40
17
51
15
7
12
55
26
8
14
14
34
58
61
65
47
55
66
58
28
26
7
9
32
66
66
66
25
8
5
6
7
5
0
0
0
0
0
0
0
0
0
0
0
0
0
0
0
66
66
66
66
66
66
66
66
66
67
66
66
67
67
66
66
66
67
66
66
66
66
66
66
66
66
66
66
66
66
66
67
66
66
67
66
66
66
66
66
Intensidad
70
69
69
69
69
70
69
70
69
69
69
69
70
70
70
70
69
70
70
69
70
70
70
70
70
69
69
70
69
69
69
69
70
69
69
70
69
69
70
69
70
70
70
69
69
70
70
69
69
70
70
70
70
70
70
69
70
70
70
70
69
69
70
70
70
70
69
70
69
69
69
70
69
69
69
69
69
70
70
69
69
69
69
69
69
69
68
70
69
70
69
69
70
69
70
70
69
69
69
69
Intensidad
74
73
73
72
72
73
73
73
73
72
73
72
73
73
73
73
73
73
73
73
72
74
73
73
73
73
73
73
73
73
73
73
74
73
72
73
73
73
73
73
73
73
73
73
73
72
73
72
73
73
73
73
73
73
73
73
73
73
72
73
73
73
73
72
73
73
73
73
73
72
72
72
72
72
72
72
73
73
73
72
73
73
73
72
73
73
73
72
72
73
73
73
73
73
77
82
86
91
94
73
Intensidad
76
76
75
76
76
76
76
76
76
76
76
76
76
76
76
76
76
76
77
76
80
84
88
91
96
99
102
106
109
112
115
118
121
124
126
129
131
134
136
138
140
142
145
146
149
150
152
154
156
158
160
161
163
164
166
168
169
171
172
174
175
176
177
178
179
180
180
181
182
183
184
185
186
187
187
188
190
191
192
194
195
196
197
198
199
200
201
202
203
204
205
206
207
208
209
210
211
212
212
213
Intensidad
341
340
339
338
338
337
337
336
336
336
336
335
335
335
334
334
334
334
333
333
333
332
332
332
332
331
331
331
331
330
330
330
330
330
329
329
329
329
328
328
328
328
327
327
327
327
326
326
326
326
325
325
325
325
325
325
324
324
324
324
323
323
323
323
323
322
322
322
322
322
322
321
321
321
321
321
321
321
321
320
320
320
320
320
320
320
319
319
319
319
319
319
319
319
319
318
318
318
318
318
Intensidad
380
379
378
378
377
377
376
376
375
375
374
374
373
373
372
372
372
371
371
370
370
369
369
369
368
368
367
367
367
366
366
365
365
365
364
364
363
363
363
362
362
362
361
361
360
360
360
359
359
359
358
358
358
357
357
357
356
356
356
355
355
355
354
354
354
353
353
353
352
352
352
351
351
351
350
350
350
350
349
349
349
348
348
348
348
347
347
347
346
346
346
346
345
345
345
345
344
344
344
344
Intensidad
82
83
83
82
82
82
82
82
82
82
83
83
82
82
83
82
82
83
82
82
82
83
82
82
82
82
82
82
83
82
82
82
81
82
82
82
82
82
82
82
82
82
82
83
82
82
83
82
82
82
82
82
82
83
82
81
83
83
82
82
82
82
82
82
82
82
83
82
82
82
82
83
82
82
82
82
82
82
82
82
82
82
83
81
83
83
83
82
83
83
82
83
83
83
83
83
82
81
82
82
Intensidad
82
82
81
81
81
81
100
103
106
109
112
115
118
119
121
123
126
128
130
133
135
137
140
141
99
89
85
83
85
85
86
83
83
84
88
92
95
99
103
108
82
82
82
82
82
82
81
82
82
82
82
82
82
82
82
82
82
82
82
82
83
82
82
83
82
82
82
82
82
82
82
82
82
82
82
83
82
82
82
83
82
82
82
82
82
83
83
82
83
83
82
82
83
83
82
82
82
82
82
82
Intensidad
83
83
82
83
82
82
82
83
82
82
82
81
82
82
82
83
82
82
83
82
82
82
83
82
82
83
83
82
82
83
83
82
83
82
82
82
82
82
82
82
82
82
83
82
82
82
82
82
82
83
82
82
82
83
82
82
82
83
82
82
82
82
82
82
83
82
82
82
82
82
82
82
83
83
82
82
83
82
82
82
82
82
82
83
82
82
82
82
82
82
82
82
82
82
82
82
82
82
82
82
Intensidad
82
82
83
82
82
83
83
83
83
83
83
83
82
83
83
83
82
83
83
82
82
83
83
82
83
83
82
83
83
83
82
83
83
82
83
83
83
82
83
82
82
82
82
82
83
82
82
83
83
82
83
83
83
82
83
83
83
82
83
83
82
82
83
83
83
82
82
83
82
82
82
82
82
81
82
82
82
82
82
82
83
82
83
82
82
82
83
83
82
83
83
83
83
83
83
83
82
82
83
83
Intensidad
63
63
63
62
63
63
62
63
63
62
62
62
63
62
62
63
63
63
62
63
63
64
63
63
63
63
63
63
63
63
62
63
63
63
62
63
63
63
62
63
63
63
62
63
63
63
62
63
63
63
62
63
63
63
62
63
62
63
62
63
63
63
62
62
62
62
62
63
62
62
62
63
63
62
62
62
62
61
62
62
62
62
62
63
63
62
62
62
62
62
61
62
62
63
62
62
63
63
62
62
Intensidad
60
58
58
58
58
58
58
58
58
58
58
58
58
58
58
58
58
58
58
58
58
58
58
58
58
58
58
58
58
58
58
58
58
58
58
58
58
58
58
58
58
58
58
58
58
58
58
58
58
58
58
58
58
58
58
58
58
58
58
58
58
58
58
58
58
58
58
58
58
58
58
58
58
58
58
58
58
58
58
58
58
58
58
58
58
58
58
58
58
58
58
58
58
58
58
58
58
58
58
58
Intensidad
99
54
54
54
54
54
54
54
54
54
54
54
54
54
54
54
54
54
54
54
54
54
54
54
54
54
54
54
54
54
54
54
54
54
54
54
54
54
54
54
54
54
54
54
54
54
54
54
54
54
54
54
54
54
55
54
55
54
54
54
54
54
55
54
54
55
54
54
55
55
54
54
55
55
54
54
55
55
54
54
55
55
55
54
55
54
54
54
55
55
54
54
55
55
55
55
54
55
54
55
Intensidad
157
50
49
49
49
49
49
49
49
49
49
49
49
49
49
49
49
49
49
49
49
49
49
49
49
49
49
49
49
49
49
49
49
49
49
49
49
49
49
49
49
49
49
49
49
49
49
49
49
49
49
49
49
49
49
49
49
49
49
49
49
49
49
49
49
49
49
49
49
49
49
49
49
49
49
49
49
49
49
49
49
49
49
49
49
49
49
49
49
49
49
49
49
50
49
49
49
50
49
49
Intensidad
47
47
47
47
48
47
47
47
47
47
47
47
47
47
47
47
48
47
47
47
47
47
47
47
47
47
47
47
47
47
47
47
47
47
47
47
47
47
47
46
46
47
47
46
46
47
47
47
47
47
48
47
47
46
47
47
47
46
47
47
47
47
47
48
47
47
47
48
47
46
46
47
47
47
47
47
48
47
47
47
47
47
46
47
47
47
47
47
47
48
47
47
47
47
47
46
46
47
47
47
Intensidad
390
389
388
387
386
386
385
385
384
384
383
383
382
382
381
381
380
380
379
379
378
378
377
377
376
376
375
375
374
373
373
372
371
371
370
370
369
368
368
367
367
366
365
365
364
363
363
362
361
361
360
360
359
358
358
357
356
356
355
355
354
353
353
352
352
351
350
350
349
349
348
347
346
345
344
344
342
341
194
42
43
42
42
42
42
42
42
43
42
42
43
43
43
42
42
42
42
43
42
42
Intensidad
39
39
39
39
39
38
39
39
38
39
39
38
38
39
39
39
39
39
39
39
39
39
39
39
39
39
39
39
39
39
39
39
39
39
39
39
39
38
39
39
39
39
38
39
39
38
38
39
39
39
39
39
39
39
38
39
39
38
38
38
39
39
38
38
39
39
38
38
39
39
38
38
38
39
38
38
38
39
39
39
38
38
39
38
38
38
39
39
39
38
39
39
39
38
38
38
39
39
38
38
Intensidad
386
385
385
384
384
383
383
382
382
381
381
380
380
379
379
378
378
377
377
376
376
376
375
375
374
374
373
373
373
372
372
371
371
370
370
370
369
369
368
368
368
367
367
366
366
366
365
365
365
364
364
363
363
363
362
362
362
361
361
360
360
360
359
359
359
358
358
358
357
357
357
356
356
356
355
355
355
354
354
354
353
353
353
353
352
352
352
351
351
351
350
350
350
350
349
349
349
348
348
348
Intensidad
419
418
418
417
416
416
415
415
414
414
413
412
412
411
411
410
410
409
409
408
408
407
407
406
406
405
405
404
404
403
403
402
402
401
401
400
400
399
399
398
398
397
397
396
396
395
395
394
394
393
393
392
392
391
391
391
390
390
389
389
388
388
387
387
386
386
386
385
385
384
384
384
383
383
382
382
382
381
381
380
380
379
379
379
378
378
377
377
377
376
376
375
375
375
374
374
374
373
373
372
Intensidad
31
32
32
32
32
32
32
32
32
32
31
32
32
31
31
32
32
32
31
32
33
32
32
32
32
32
31
32
32
32
31
31
32
32
32
32
33
32
33
32
33
32
32
32
32
32
32
31
32
32
32
32
32
32
32
32
33
33
32
32
32
32
32
32
31
32
32
32
32
32
33
32
32
32
33
32
32
32
33
32
32
32
33
32
32
32
32
32
32
32
32
32
32
32
32
31
31
32
32
32
Intensidad
30
29
30
30
29
29
30
30
30
30
30
30
30
30
31
30
30
30
30
29
30
29
30
30
30
30
30
30
30
30
31
30
30
30
29
30
30
30
30
30
30
30
29
31
30
30
30
30
30
30
29
30
30
30
29
30
30
30
30
30
30
30
30
30
30
30
30
29
30
30
30
30
30
31
30
30
30
31
30
30
30
31
30
30
30
30
30
29
30
31
31
30
30
30
31
30
30
30
31
30
Intensidad
311
299
287
276
264
258
252
245
240
236
233
227
224
221
217
213
207
202
197
193
190
188
185
182
180
178
175
172
170
169
168
167
167
166
165
165
164
163
163
162
161
160
159
155
152
146
139
135
129
125
123
120
119
116
114
112
111
108
104
100
96
91
88
84
80
76
73
70
66
61
57
55
53
50
49
47
46
44
43
41
41
40
41
40
40
39
39
38
38
39
39
39
38
37
37
36
36
37
36
36
