Intensidad
111
110
111
111
110
110
111
111
111
111
110
111
111
111
110
110
111
110
110
111
110
110
110
110
110
111
110
111
111
111
111
110
111
111
110
111
111
110
111
111
110
110
110
110
111
111
111
110
111
111
110
111
111
110
111
111
110
111
110
110
110
111
110
110
110
111
110
111
111
110
110
111
111
110
110
111
110
111
111
110
111
110
111
110
110
111
110
110
111
111
111
111
111
110
110
112
110
111
111
111
Intensidad
107
106
107
107
106
106
106
107
106
107
107
106
106
106
106
106
107
106
106
106
107
107
108
106
106
107
106
105
107
106
106
107
107
106
108
107
107
107
106
106
107
106
106
107
106
107
107
107
108
107
107
107
107
106
106
106
107
106
107
107
107
107
107
107
107
107
106
105
107
107
106
107
106
106
107
106
107
106
107
106
106
107
106
106
108
106
106
108
107
107
108
106
106
106
106
107
106
106
106
107
Intensidad
103
103
104
104
103
103
104
102
102
103
104
103
103
103
103
104
103
103
103
104
102
104
103
103
104
104
103
103
104
103
104
103
103
103
103
102
103
103
104
103
103
103
104
103
103
104
103
103
102
104
103
103
104
104
103
103
104
103
103
104
103
103
103
103
104
104
103
103
104
104
103
103
103
102
104
103
103
104
103
103
104
103
104
103
103
102
102
104
103
103
104
103
104
104
103
103
104
102
103
104
Intensidad
102
101
102
101
101
101
102
101
101
101
101
102
102
102
102
101
102
102
101
101
102
102
102
102
102
102
101
101
101
102
102
101
102
102
102
102
101
102
102
101
102
102
102
102
102
101
102
102
102
102
102
102
102
102
102
102
102
101
102
102
102
102
101
102
101
102
102
102
101
102
102
102
102
102
101
102
101
102
102
101
101
102
101
101
102
102
102
102
101
101
101
101
101
102
101
102
102
101
102
102
Intensidad
102
101
101
100
102
102
101
101
101
101
101
101
101
101
101
102
102
101
102
102
101
102
100
102
101
100
101
102
101
102
102
101
102
101
101
100
102
100
101
102
102
102
102
102
101
101
102
101
102
101
101
102
101
102
102
101
101
102
102
101
101
101
101
101
102
101
101
102
101
102
102
102
102
101
101
101
101
102
101
102
102
101
101
101
101
102
102
101
101
102
101
102
101
101
102
102
101
101
102
101
Intensidad
103
104
103
103
103
102
103
103
102
103
104
103
103
104
103
103
103
103
103
103
102
103
104
103
103
104
104
103
103
103
103
103
103
103
104
104
103
104
104
103
102
103
103
103
104
103
103
103
102
103
104
103
104
104
103
103
103
103
103
103
104
103
103
104
103
103
104
103
103
104
102
102
104
103
102
104
103
103
104
104
103
103
104
103
104
103
103
103
104
102
103
104
103
103
103
103
103
103
103
103
Intensidad
105
105
105
105
105
105
104
104
104
104
105
104
104
105
105
105
105
105
105
104
105
104
104
105
104
104
105
105
105
105
104
105
105
104
105
104
105
105
105
105
105
105
105
105
105
104
104
105
105
105
105
105
104
105
105
105
105
105
104
105
105
105
104
105
105
105
105
105
105
105
105
104
105
105
105
104
105
105
104
105
105
105
105
105
104
104
105
104
104
105
104
104
105
104
105
105
104
104
105
104
Intensidad
109
109
110
109
109
108
109
109
108
109
110
110
109
109
110
109
109
109
109
109
108
109
109
109
110
110
110
109
110
109
109
108
109
109
109
108
110
109
109
110
109
108
110
108
109
109
109
109
109
109
110
110
108
109
109
108
109
109
109
108
109
109
108
108
109
108
108
109
108
108
108
108
107
108
109
108
108
109
108
108
108
108
108
108
107
107
107
108
108
108
108
108
108
108
108
108
108
107
108
108
Intensidad
114
113
113
113
113
113
113
112
113
114
112
113
113
113
114
113
113
113
113
113
113
112
114
112
112
113
113
112
113
113
113
113
113
113
113
113
112
112
112
112
112
113
112
112
114
113
113
114
113
113
113
113
113
113
113
113
113
113
113
112
113
113
112
113
113
114
113
113
113
113
113
114
112
113
113
113
113
113
113
113
113
113
113
114
113
113
114
113
113
114
114
113
113
113
112
112
113
113
112
114
Intensidad
119
119
119
120
120
120
119
119
119
120
120
120
120
120
120
120
120
119
120
119
119
120
119
120
120
120
120
120
120
119
120
119
120
120
120
120
120
120
119
119
120
119
119
119
120
120
120
120
120
120
120
120
120
120
120
120
119
120
119
120
120
120
119
120
119
120
120
120
120
120
120
120
120
120
119
120
120
119
119
119
119
120
120
120
119
119
119
120
119
119
119
120
119
120
120
119
120
120
119
120
Intensidad
126
126
126
125
126
126
126
125
126
125
125
126
125
126
126
125
127
125
125
126
126
125
125
126
126
126
126
126
125
126
126
126
125
125
125
125
126
126
126
126
126
126
126
125
126
125
125
126
126
126
126
126
126
126
125
125
126
126
125
126
126
126
127
126
126
126
126
125
126
126
126
126
125
125
126
126
125
126
126
125
126
126
126
127
127
125
126
126
125
126
126
125
126
126
126
126
126
126
126
125
Intensidad
130
130
129
130
131
130
130
129
130
130
129
131
130
130
131
130
129
130
130
130
130
130
131
130
130
130
130
129
130
130
130
131
129
129
131
129
130
130
130
130
130
130
130
131
130
130
129
130
131
130
129
130
129
129
130
130
130
131
130
131
130
130
130
130
129
131
131
129
130
130
130
131
130
129
130
130
130
130
130
130
130
131
129
131
130
130
130
130
130
130
130
130
130
131
130
130
130
129
130
129
Intensidad
137
136
135
136
136
136
137
136
136
137
136
137
136
135
136
136
136
137
137
136
136
136
136
135
137
137
136
137
135
137
136
136
136
135
136
136
136
137
137
136
136
136
136
136
136
136
137
137
137
137
137
136
136
137
136
137
136
136
136
137
136
136
136
135
136
137
137
136
136
137
136
136
136
136
137
136
137
137
136
137
137
135
136
136
136
137
137
136
137
137
135
137
136
135
137
136
137
136
137
137
Intensidad
142
144
143
143
142
143
142
143
143
143
143
143
143
142
142
143
143
143
143
143
142
143
142
142
142
142
143
143
143
143
143
142
142
143
142
143
143
143
143
144
143
143
143
142
143
143
143
143
142
143
144
143
143
143
143
143
143
143
144
143
142
143
143
143
142
143
143
143
143
143
143
143
142
143
143
143
144
143
143
143
143
142
143
143
143
144
144
142
143
143
142
142
143
142
143
143
142
144
142
142
Intensidad
150
150
149
149
149
150
149
149
149
149
149
149
150
149
149
150
150
149
149
148
149
149
149
149
150
149
149
149
149
149
149
149
149
149
149
149
150
149
148
149
149
150
149
150
150
149
149
149
149
149
150
149
149
150
148
149
149
149
149
150
149
150
150
149
149
149
149
149
149
149
150
150
149
149
149
149
149
149
148
149
149
149
150
149
149
149
149
150
150
150
149
150
149
150
149
148
149
149
149
150
Intensidad
154
155
154
154
154
155
154
154
155
154
155
154
155
153
153
154
155
154
155
155
155
155
154
154
155
154
154
155
155
155
155
154
155
154
154
154
155
155
155
154
154
155
154
154
155
155
155
155
155
155
155
154
155
155
154
155
154
155
155
155
154
155
155
155
155
155
154
155
154
155
155
155
155
155
154
155
155
154
155
155
155
156
156
155
155
155
154
155
155
154
156
155
155
155
155
154
155
155
155
155
Intensidad
160
160
160
160
160
160
159
159
159
160
160
160
160
160
160
159
160
159
159
160
159
159
160
160
159
160
160
159
160
159
159
159
160
159
160
160
160
160
160
160
160
160
160
159
160
159
160
160
159
160
160
159
160
160
160
159
160
159
160
160
160
160
160
160
159
159
159
160
159
159
160
160
159
160
160
160
160
160
159
159
159
159
160
160
160
159
159
159
159
159
159
159
159
159
158
159
158
157
155
149
Intensidad
163
162
162
162
163
163
163
162
163
162
163
162
162
163
163
163
162
163
162
163
163
162
162
163
163
163
163
162
163
162
163
163
163
163
163
162
162
163
162
163
164
163
163
163
162
163
163
162
163
163
162
164
162
163
162
162
163
163
163
163
163
162
163
163
162
163
162
162
163
163
162
163
162
162
162
162
163
163
162
162
162
162
162
162
163
163
163
162
162
163
162
162
162
163
163
163
162
162
163
162
Intensidad
167
167
167
166
168
167
167
167
167
167
167
167
167
167
167
166
166
167
167
167
167
167
168
167
166
167
167
166
167
167
167
167
167
167
167
167
166
167
167
167
167
166
167
167
166
168
167
166
167
167
166
167
167
167
167
167
167
166
166
167
167
167
167
167
167
167
166
166
167
166
167
167
167
167
167
166
167
167
166
167
167
166
167
167
166
167
167
168
167
167
167
167
166
167
167
166
167
167
167
167
Intensidad
168
168
168
168
168
167
168
168
168
167
169
168
168
168
167
167
168
167
168
168
168
169
168
167
168
168
168
169
168
167
168
168
168
168
168
168
169
168
168
168
168
169
168
168
169
168
167
168
168
168
168
168
169
168
167
168
168
168
169
168
168
169
168
167
168
168
168
169
168
168
168
168
168
168
168
168
169
168
168
167
168
168
168
168
169
168
168
168
167
167
169
168
168
169
168
169
168
168
168
168
Intensidad
169
169
169
169
169
169
169
169
169
168
169
169
169
169
169
169
169
169
169
169
169
169
169
169
169
169
169
169
169
169
170
169
169
169
170
169
169
170
169
170
169
170
170
170
169
169
169
170
169
168
169
169
169
169
169
169
170
169
169
170
169
169
169
169
170
169
169
169
170
170
170
169
169
170
169
169
170
169
169
169
169
169
169
169
170
170
169
169
169
169
169
169
169
170
169
169
169
169
169
169
Intensidad
169
168
169
169
169
169
169
169
169
169
169
169
169
169
169
169
169
169
169
168
169
169
168
169
169
169
169
169
169
169
169
169
169
169
169
169
169
169
168
168
169
169
169
169
169
169
169
169
169
168
169
169
168
169
169
169
169
169
169
169
169
169
169
169
169
169
169
169
169
169
169
169
168
169
169
169
169
169
169
169
169
169
169
169
169
169
169
169
169
169
169
169
169
169
169
169
169
169
169
169
Intensidad
168
167
168
168
168
168
168
167
168
168
167
168
168
168
168
168
168
168
167
167
168
168
168
168
168
168
167
167
167
168
168
168
169
167
168
167
167
168
168
167
168
168
167
168
168
168
168
168
169
168
168
167
167
167
168
168
167
169
168
168
167
167
167
168
168
168
168
168
168
168
168
168
167
168
168
168
168
167
168
167
168
169
168
168
168
168
168
168
168
168
168
168
168
168
168
168
167
168
168
167
Intensidad
165
166
165
165
165
165
166
166
166
166
165
165
165
165
165
165
165
165
166
165
165
165
165
165
165
166
166
165
165
165
164
165
165
165
166
166
165
166
166
165
165
165
165
166
166
165
166
166
165
166
165
164
165
165
166
166
165
165
165
166
166
165
165
165
166
165
166
165
165
165
165
165
166
165
165
166
166
165
165
165
165
165
166
165
166
166
165
165
165
165
165
165
165
166
166
166
166
166
165
166
Intensidad
162
162
161
162
163
162
162
162
162
162
162
163
162
162
162
162
162
163
163
161
163
163
162
162
162
162
162
162
162
162
162
162
163
163
162
163
163
162
162
162
162
162
162
163
162
162
163
162
163
163
162
163
163
162
162
162
162
161
163
162
162
163
163
163
163
163
162
162
162
162
162
162
161
163
162
162
163
163
162
163
162
162
162
163
162
162
163
162
163
163
162
162
163
163
162
163
163
162
162
163
Intensidad
159
159
158
158
159
159
159
159
159
159
158
158
159
158
158
158
159
158
159
159
158
159
158
158
158
158
158
158
160
159
159
159
159
159
158
158
158
159
158
158
159
158
159
159
159
159
159
158
159
159
159
159
159
159
159
159
159
159
159
158
159
158
158
159
158
159
159
159
159
159
159
158
159
158
159
159
159
159
159
159
158
159
159
158
159
159
159
159
159
158
158
159
158
159
159
158
159
159
159
159
Intensidad
155
154
154
154
155
155
155
155
155
155
155
154
155
154
155
153
154
154
154
155
155
154
155
155
154
155
155
154
155
155
154
156
155
154
155
155
154
155
155
154
155
154
154
156
155
154
155
155
154
155
155
155
155
154
155
155
155
155
155
155
155
155
154
154
155
155
154
154
154
154
154
155
154
154
153
150
145
141
132
124
116
106
96
87
77
69
64
60
56
54
53
50
51
51
49
50
49
47
46
47
Intensidad
150
150
151
149
149
149
149
149
149
149
149
149
149
149
149
149
149
150
149
149
150
149
149
150
150
149
150
150
149
149
149
149
149
150
150
149
150
150
150
149
150
149
150
150
150
149
150
149
149
149
149
149
150
150
149
149
149
149
149
150
149
149
150
149
149
149
150
149
149
150
149
149
149
150
149
150
150
149
149
151
149
149
150
149
149
149
150
149
150
150
149
149
149
150
149
149
150
150
149
150
Intensidad
144
144
145
143
143
143
143
143
143
143
143
143
143
143
143
143
143
144
143
143
144
143
143
144
144
144
143
144
143
143
144
143
143
143
143
143
143
144
143
143
144
143
143
143
143
144
143
144
142
143
143
143
143
143
143
142
143
143
142
144
144
143
143
144
144
142
143
144
143
143
143
143
143
143
144
143
143
144
143
144
144
143
144
144
143
144
143
143
143
143
144
143
143
143
143
143
143
144
143
144
Intensidad
137
137
138
136
136
137
136
136
137
136
137
136
137
137
136
137
137
136
136
136
137
136
136
136
135
136
137
136
136
137
136
136
136
137
137
136
137
136
136
136
136
136
136
137
136
136
137
136
136
136
136
136
137
136
137
136
136
136
136
136
136
136
136
136
136
136
137
136
136
137
136
137
137
137
136
137
137
136
136
137
136
136
136
136
136
136
136
136
137
137
136
137
137
137
136
137
137
136
137
137
Intensidad
130
130
131
129
129
130
130
130
129
130
130
130
129
129
128
129
130
129
129
129
129
130
129
129
130
130
130
130
129
129
130
129
128
129
129
129
128
130
129
129
130
129
129
129
130
129
129
130
130
129
130
130
129
129
129
129
129
129
129
129
129
130
129
130
129
129
130
130
129
130
130
130
129
130
130
129
129
130
129
129
130
128
129
130
129
129
130
130
129
130
130
129
129
129
129
129
129
129
129
129
Intensidad
123
123
123
122
122
123
124
123
122
123
122
122
123
122
122
122
123
123
122
122
123
122
122
123
123
122
123
123
122
123
123
122
122
122
122
122
122
123
122
122
123
122
123
122
122
123
123
123
123
123
123
122
122
122
122
123
123
122
122
122
122
122
123
122
122
123
123
122
123
123
122
123
122
123
122
122
123
122
122
123
123
122
123
122
122
123
123
123
123
122
122
122
123
123
123
122
123
122
122
122
Intensidad
115
116
115
114
114
114
114
115
115
114
115
115
114
115
114
114
115
115
114
114
115
113
114
114
114
114
114
114
114
115
115
114
115
115
114
114
115
114
114
115
114
114
114
115
114
114
114
114
115
115
114
114
115
115
115
115
115
114
114
115
115
114
115
115
114
114
114
113
114
115
115
114
115
115
114
115
115
115
114
115
115
115
114
114
114
114
115
114
113
114
114
114
115
114
114
115
115
114
115
114
Intensidad
108
107
108
107
107
107
107
107
107
107
106
107
107
107
107
108
107
107
107
107
106
107
107
106
107
107
107
107
107
107
107
107
107
107
108
107
107
107
107
107
106
107
107
106
107
107
106
107
107
107
107
108
107
107
107
107
107
107
107
107
107
107
107
107
107
106
107
106
107
106
107
107
107
106
107
107
107
108
108
107
107
108
107
106
107
107
106
107
107
106
107
107
107
106
107
107
107
107
107
108
Intensidad
101
101
102
101
101
101
101
101
101
100
102
101
101
101
101
101
101
101
101
101
100
101
101
100
101
101
100
101
101
101
101
101
102
100
101
101
101
101
101
102
100
101
101
101
101
101
101
100
101
100
100
101
102
100
101
102
101
101
102
102
101
102
101
101
102
101
100
101
101
101
100
101
101
101
100
102
101
100
101
101
101
101
102
101
101
102
101
101
102
101
101
101
101
101
101
101
100
101
101
101
Intensidad
94
94
95
93
93
94
94
93
94
93
93
94
93
93
94
94
93
95
94
94
93
94
94
94
94
94
93
95
94
93
95
94
94
94
94
94
94
93
94
94
94
95
94
94
95
94
94
93
94
94
93
94
94
94
94
94
93
94
94
93
94
94
94
93
93
94
94
94
94
94
94
95
94
94
94
94
94
94
94
94
94
94
94
94
94
95
94
94
94
94
94
93
94
94
93
95
94
94
94
95
Intensidad
92
91
90
91
90
90
90
91
90
91
91
91
91
91
90
90
91
90
91
91
91
90
92
91
91
91
91
90
91
91
91
90
91
91
90
90
90
90
89
90
90
90
90
91
90
90
90
90
90
91
91
90
91
91
91
91
91
90
91
91
90
90
90
91
90
90
90
90
90
90
91
90
89
91
91
90
90
91
89
90
91
90
91
92
90
90
91
91
90
91
91
90
90
91
90
90
91
90
89
91
Intensidad
86
87
87
87
87
87
87
87
87
88
87
87
87
86
87
88
88
87
88
87
88
88
88
87
87
88
87
87
87
87
86
87
87
87
87
88
87
87
88
87
87
87
87
86
88
87
87
86
87
87
87
88
87
87
87
87
85
87
87
87
86
87
86
86
87
87
86
86
86
86
86
87
86
86
87
87
87
86
86
86
86
87
87
87
87
87
87
87
88
87
87
86
87
87
87
87
87
86
86
87
Intensidad
87
86
86
86
86
85
86
86
86
86
86
86
85
86
86
85
86
86
86
86
86
85
85
86
86
85
86
85
86
86
85
85
86
85
85
85
86
85
85
85
86
86
86
86
85
85
85
85
85
86
86
85
86
86
85
85
85
86
86
85
85
85
85
86
85
85
85
86
85
86
85
85
86
85
85
85
85
85
85
85
85
85
84
85
85
85
85
85
85
85
84
85
85
85
85
85
85
85
84
84
Intensidad
85
85
85
85
85
85
85
84
85
85
85
85
85
85
85
84
85
85
85
85
85
85
85
85
85
85
85
85
84
85
84
84
85
84
84
85
85
85
84
85
85
84
86
85
85
84
85
85
85
85
85
85
85
85
84
85
85
85
85
85
84
85
84
85
84
85
85
84
85
84
85
85
84
85
84
85
85
84
85
85
84
85
84
84
85
85
84
85
84
85
84
85
85
84
85
85
84
84
84
83
Intensidad
388
387
386
386
385
384
384
383
383
382
382
381
380
380
379
379
378
378
377
377
376
376
375
375
374
374
373
373
372
372
371
371
370
370
369
369
368
368
367
367
367
366
366
365
365
365
364
364
363
363
362
362
361
361
361
360
360
359
359
358
358
358
357
357
356
356
356
355
355
354
354
353
353
353
352
352
352
351
351
350
350
350
349
349
349
348
348
348
348
347
347
346
346
346
345
345
345
344
344
344
Intensidad
86
86
86
86
86
85
85
86
85
85
86
86
85
86
86
85
85
86
85
85
85
86
86
85
86
85
85
86
86
86
86
86
86
86
86
85
85
84
86
85
87
86
85
85
86
85
85
86
86
85
84
86
85
84
85
86
85
85
86
85
85
86
85
85
86
86
85
86
86
86
85
86
86
85
86
85
85
85
85
85
85
85
85
85
85
85
85
85
85
86
85
85
85
85
85
86
86
84
85
85
Intensidad
88
89
88
89
89
89
88
89
89
88
88
88
88
89
88
87
87
88
88
88
89
88
89
89
88
88
88
88
88
88
88
88
87
88
88
88
87
87
88
88
87
88
87
88
87
88
88
87
88
87
87
87
88
88
87
88
88
87
88
88
87
87
88
88
88
88
88
87
87
88
88
87
87
88
88
87
88
88
87
87
87
88
87
88
87
87
88
87
87
87
88
88
87
87
87
88
87
88
88
87
Intensidad
89
90
89
91
90
90
89
90
89
89
88
89
89
89
89
89
89
89
90
89
89
89
90
90
90
90
90
89
89
89
90
90
89
90
90
89
89
90
90
90
90
89
90
91
89
90
91
90
89
88
89
89
89
89
90
88
90
89
90
89
89
89
89
89
89
90
89
89
90
89
90
89
89
90
90
89
89
90
90
90
90
91
89
90
90
91
90
89
90
89
90
90
90
89
90
89
89
89
90
90
Intensidad
93
93
93
93
94
93
94
93
93
92
93
93
92
92
93
93
92
93
93
93
93
93
93
93
94
93
93
94
93
92
94
93
93
92
93
93
92
93
93
93
93
93
93
92
94
93
93
93
93
92
93
93
93
93
94
93
93
93
92
93
93
93
93
92
93
93
93
93
93
93
93
94
93
93
93
93
92
92
93
92
92
93
93
92
93
92
92
93
93
92
92
91
93
92
92
93
92
92
92
93
Intensidad
97
98
97
98
98
99
98
98
98
97
98
98
97
98
97
97
98
98
97
97
99
98
98
98
98
97
99
98
98
99
98
98
97
98
98
98
98
98
98
97
98
97
97
98
98
97
98
99
98
97
99
98
98
99
98
98
98
97
97
97
97
97
98
98
98
97
98
98
98
98
98
98
98
98
98
98
98
98
98
98
98
97
97
98
98
98
98
97
98
98
98
98
98
98
98
98
98
98
98
97
Intensidad
103
104
103
104
104
103
104
104
104
104
103
105
104
104
103
104
104
103
103
103
104
103
103
104
103
103
105
104
103
104
104
104
104
104
104
103
104
105
104
103
104
104
103
104
103
103
103
104
103
103
104
104
103
104
103
103
104
104
103
103
104
103
103
103
104
104
104
103
104
104
103
103
103
104
104
104
104
104
103
104
104
103
104
104
103
104
104
103
104
104
103
104
104
103
103
104
104
103
103
103
Intensidad
393
392
391
391
390
390
389
389
388
388
387
387
386
386
385
385
384
384
384
383
382
382
381
381
380
380
380
379
378
378
378
377
377
376
376
375
375
375
374
374
373
373
372
372
372
371
371
370
370
369
369
369
368
368
368
367
367
367
366
366
365
365
365
364
364
364
363
363
363
362
362
361
361
361
361
360
360
359
359
359
358
358
358
357
357
357
356
356
356
355
355
355
355
354
354
354
353
353
353
352
Intensidad
111
110
110
110
111
111
110
111
110
111
111
111
111
111
111
111
110
111
111
111
111
111
110
111
111
110
111
111
111
110
110
110
110
110
111
111
110
111
111
111
111
112
111
110
112
111
110
111
111
110
110
111
110
110
111
111
110
111
111
110
111
111
110
111
111
111
110
111
111
111
110
111
111
110
110
111
110
111
111
110
110
111
110
110
111
111
111
112
111
110
111
111
111
111
111
112
111
110
111
110
Intensidad
116
115
116
116
115
116
116
116
116
117
116
115
116
117
116
117
116
115
116
116
115
116
116
115
115
116
116
115
116
116
116
117
116
116
115
116
116
116
116
116
116
116
116
115
116
116
115
115
116
115
116
116
115
116
116
116
116
116
116
116
116
117
116
116
116
116
116
116
116
116
115
117
116
115
116
116
115
116
116
116
116
117
117
116
116
117
115
115
116
115
115
116
116
115
116
116
115
115
116
115
Intensidad
122
123
123
122
122
122
123
122
122
123
121
122
122
122
122
122
122
122
123
122
123
123
121
122
123
122
122
122
123
121
122
123
121
122
122
123
121
123
122
123
122
123
123
121
122
123
121
122
123
122
122
122
121
121
122
122
122
122
122
122
122
122
122
122
123
123
122
123
123
122
122
123
122
122
122
122
122
122
122
121
122
122
122
123
122
122
123
122
122
122
123
122
122
121
122
122
121
122
122
121
Intensidad
126
126
126
126
126
125
125
126
125
125
125
126
125
125
127
126
126
126
127
125
126
126
126
125
125
126
125
125
126
125
125
126
125
126
127
125
126
126
127
126
125
126
126
125
125
125
125
125
125
126
125
126
125
126
126
126
125
127
125
125
127
126
126
126
126
125
126
126
126
125
125
125
126
125
126
125
126
126
126
125
126
126
125
126
126
125
125
127
125
125
125
126
125
125
126
125
125
126
126
126
Intensidad
129
129
129
129
129
129
129
129
129
129
129
129
129
129
129
129
129
129
129
129
130
129
129
129
130
129
129
129
129
129
129
129
129
129
129
129
130
129
129
130
129
129
129
129
129
130
129
129
129
129
129
128
129
129
130
129
130
129
129
130
129
129
130
130
129
129
129
129
128
129
129
129
130
129
129
129
130
129
129
129
130
129
129
130
129
129
129
129
129
128
129
129
129
128
129
129
128
129
129
128
Intensidad
132
132
133
133
132
132
132
132
132
132
131
132
133
132
132
132
132
132
132
132
132
132
133
132
132
133
132
132
133
132
132
132
133
132
132
132
133
132
133
132
132
132
132
132
132
132
132
132
132
133
132
133
133
132
132
133
132
132
133
133
132
133
133
133
132
132
132
132
132
132
132
132
132
133
132
133
132
132
133
133
132
133
133
132
132
133
133
132
132
132
132
131
132
132
131
132
132
132
132
132
Intensidad
136
136
134
135
135
135
134
136
135
135
135
135
135
136
135
135
136
135
135
135
136
135
135
136
136
135
136
136
135
135
135
135
135
136
136
135
135
136
135
136
135
135
136
136
136
135
136
135
136
135
135
136
135
135
136
135
135
136
135
135
136
135
136
136
136
135
135
136
135
136
136
135
136
136
136
135
136
135
135
136
136
136
135
136
136
135
136
136
135
136
135
136
135
136
136
136
136
136
136
135
Intensidad
138
138
138
138
138
138
137
137
138
138
137
138
138
137
137
137
137
138
138
137
137
138
138
138
138
138
137
138
138
137
138
138
138
138
138
138
137
137
138
137
137
137
137
137
137
137
138
137
138
137
137
138
138
138
138
138
138
138
138
138
138
138
137
138
138
138
138
138
138
137
137
138
138
138
138
137
138
138
139
138
138
138
137
137
139
138
137
138
138
137
137
138
138
138
138
138
138
138
138
137
Intensidad
139
140
140
139
139
139
139
140
140
140
140
140
140
140
140
139
139
140
139
139
140
139
140
140
140
140
140
140
139
140
140
140
140
140
140
139
140
140
139
139
140
139
139
139
139
140
140
140
139
140
140
140
140
140
140
139
140
139
140
140
139
139
140
140
139
139
140
139
139
139
140
140
140
140
140
140
140
139
140
140
139
140
140
139
139
139
140
140
139
140
139
140
140
140
139
139
140
140
139
140
Intensidad
140
140
139
139
140
140
140
140
140
140
140
140
139
140
140
140
140
140
140
140
140
140
140
140
140
140
140
140
139
140
140
140
140
140
140
140
140
140
140
140
140
141
140
141
140
140
140
140
140
140
140
140
140
140
140
140
140
140
140
140
140
140
141
140
140
140
140
140
140
140
140
139
140
140
140
140
140
140
140
141
140
140
140
140
140
139
141
140
140
141
140
141
140
140
140
140
140
140
140
141
Intensidad
141
142
141
141
141
141
141
141
142
141
141
141
141
142
141
141
141
141
141
141
141
141
141
141
141
141
141
141
141
141
141
141
141
141
141
140
141
141
141
141
141
140
141
141
140
140
141
141
141
141
141
141
141
141
141
141
142
141
141
141
141
141
141
141
141
141
141
141
141
141
141
140
142
141
141
141
141
141
141
141
140
140
141
141
140
141
141
140
141
142
141
141
141
141
141
141
141
141
141
141
Intensidad
140
140
140
140
140
140
140
141
140
139
140
140
140
140
139
140
140
140
140
140
141
140
141
140
139
141
141
140
140
141
139
140
140
141
139
140
141
140
140
140
140
141
141
141
141
140
141
140
140
140
140
140
141
139
140
140
140
140
140
140
140
141
140
141
140
141
140
140
140
140
140
140
140
139
139
140
140
140
140
140
140
140
140
140
141
141
141
141
141
140
139
141
140
141
140
141
140
139
140
140
Intensidad
137
137
137
137
137
137
137
138
138
137
138
138
137
137
137
137
138
137
137
137
138
137
137
138
137
138
138
137
137
138
137
136
137
138
137
136
137
137
137
137
137
137
138
137
137
138
138
137
138
137
137
137
137
137
137
138
137
137
138
138
137
138
138
137
137
138
138
136
138
137
137
137
137
137
137
137
137
137
138
137
137
137
137
137
138
137
137
137
137
137
136
138
137
137
138
137
137
137
137
136
Intensidad
135
134
135
134
135
135
135
135
135
135
135
134
135
134
135
135
135
135
135
134
135
135
134
135
135
134
135
135
135
135
135
135
135
135
136
136
135
135
135
134
135
135
134
135
134
134
134
135
134
135
134
135
135
136
135
135
135
135
134
135
135
134
135
135
134
133
135
135
134
135
135
134
135
135
135
135
135
135
134
135
134
134
135
134
134
136
135
134
135
135
135
135
136
135
134
136
135
134
134
134
Intensidad
130
130
130
130
130
130
130
130
129
129
130
130
130
130
130
131
130
130
131
130
130
130
129
130
130
129
130
130
129
129
130
130
130
131
130
129
131
129
129
129
130
129
129
130
130
129
131
130
129
130
130
130
130
130
130
130
130
130
130
130
130
129
130
130
129
129
130
130
129
131
130
129
131
129
129
130
130
130
129
129
129
129
130
129
129
130
130
129
130
130
129
130
130
129
130
129
129
129
129
128
Intensidad
127
127
127
126
126
126
127
126
126
127
127
127
127
128
127
127
127
127
126
126
127
126
126
127
127
126
127
127
126
127
127
127
127
127
126
127
127
126
126
127
126
126
127
127
126
127
127
127
127
127
127
127
127
126
126
126
126
126
127
126
126
127
127
127
127
127
126
127
127
126
126
127
126
126
126
126
126
126
127
126
127
127
127
126
127
127
127
127
126
126
127
126
126
126
127
126
126
127
127
126
Intensidad
124
124
123
123
124
124
123
123
123
123
123
123
122
123
123
124
123
123
123
122
123
124
123
123
123
122
123
123
123
122
123
123
123
122
123
123
123
123
123
123
123
123
123
123
123
122
123
123
122
123
123
123
123
123
123
122
123
123
122
122
122
122
123
122
122
123
123
123
122
123
123
122
123
123
123
123
123
122
123
123
123
122
123
123
122
123
123
123
123
123
123
123
123
123
123
123
123
123
123
122
Intensidad
118
118
118
118
118
118
118
117
117
118
117
117
118
118
117
118
117
117
118
117
118
118
117
118
118
117
118
118
118
117
117
118
117
117
117
118
118
118
119
117
118
119
117
118
118
118
117
118
117
117
117
118
118
118
118
117
118
118
118
118
118
117
118
118
118
117
117
118
117
117
117
117
118
118
118
118
117
118
118
117
117
117
117
117
117
117
118
117
118
118
118
117
118
117
117
118
117
117
117
118
Intensidad
113
112
112
112
113
113
113
112
112
112
112
113
112
112
112
113
112
113
112
113
112
112
112
112
113
112
113
113
112
112
112
112
112
112
113
113
112
113
112
113
113
112
112
112
112
112
112
112
112
112
113
112
113
113
112
113
113
112
113
113
112
112
112
112
111
112
112
112
113
112
113
112
113
112
112
112
112
112
112
112
112
112
112
112
113
113
112
113
113
112
112
113
112
112
113
112
112
112
112
112
Intensidad
106
107
106
107
106
107
107
107
106
106
107
106
106
106
107
106
106
107
107
107
107
106
106
107
107
106
106
106
106
107
107
106
106
107
107
107
108
106
107
106
107
106
106
107
106
106
107
106
106
107
107
107
107
107
106
106
106
106
106
107
106
106
107
106
106
107
106
107
107
107
106
107
107
107
106
107
106
107
106
107
106
106
107
106
106
107
106
107
108
106
107
107
106
106
107
106
106
107
107
107
Intensidad
100
100
99
100
100
100
100
99
100
100
100
100
100
99
100
100
99
100
99
99
100
99
99
100
100
100
100
100
100
100
99
100
100
99
100
100
100
100
100
99
100
100
99
100
100
100
100
100
100
100
100
100
99
100
100
99
100
100
99
100
100
100
99
100
100
99
100
100
99
100
99
99
99
100
100
100
99
100
99
100
100
99
100
100
100
99
100
100
99
99
100
99
100
100
99
100
100
100
100
100
Intensidad
93
93
93
92
92
92
92
92
92
92
92
92
92
92
92
93
93
92
92
92
92
92
92
92
91
92
92
91
92
91
91
92
93
91
92
91
92
92
92
93
92
92
92
93
92
92
93
92
92
93
92
92
92
92
92
92
92
92
91
92
91
92
91
92
92
91
91
92
92
92
92
92
92
91
92
92
92
93
92
92
92
92
92
92
92
92
92
92
91
91
92
92
92
91
92
91
92
91
91
91
Intensidad
87
87
86
87
86
86
86
86
86
86
86
88
87
86
88
87
86
87
87
86
86
87
86
86
87
86
86
87
85
86
86
87
86
86
86
86
86
86
87
86
86
87
87
86
87
86
86
86
86
86
86
86
86
85
86
86
86
86
86
86
86
86
86
85
85
86
86
85
86
86
86
86
86
87
85
86
87
87
86
87
86
86
86
87
86
86
86
86
86
87
86
86
86
86
86
86
86
86
85
86
Intensidad
375
374
373
372
371
370
369
368
368
367
366
365
364
364
363
362
361
361
360
359
358
358
357
356
355
355
354
353
353
352
351
350
350
349
349
348
347
347
346
345
345
344
343
343
342
342
341
340
340
339
339
338
338
337
337
336
336
335
335
334
334
333
333
332
331
331
330
330
330
329
329
328
328
327
327
327
326
325
325
325
324
324
323
323
322
322
322
321
321
320
320
319
319
319
318
318
318
317
317
317
Intensidad
77
77
76
77
77
76
76
76
76
77
76
76
77
76
77
77
77
77
77
78
77
77
77
76
77
77
77
76
76
77
76
77
77
77
76
77
77
76
77
77
77
77
77
76
77
77
77
76
77
77
76
77
77
75
76
76
76
76
77
77
76
77
76
76
75
77
77
76
76
76
77
76
77
76
77
77
77
77
76
76
77
76
76
76
77
76
77
77
76
77
77
76
76
76
76
76
76
76
76
76
Intensidad
70
73
72
71
72
72
71
71
72
71
71
72
71
71
72
71
71
72
71
71
72
72
71
72
71
71
72
72
72
71
72
73
71
72
72
72
71
71
72
71
71
71
72
71
71
71
71
71
71
71
72
72
71
71
72
72
71
72
72
71
72
72
71
71
72
71
72
71
70
71
70
71
71
70
71
72
70
70
71
70
70
71
71
70
71
71
71
70
71
71
70
70
71
71
70
70
70
71
71
70
Intensidad
68
69
68
69
68
68
70
69
69
69
68
68
69
68
69
69
69
68
69
70
68
69
70
68
69
69
69
69
69
69
68
69
69
68
68
69
68
68
69
69
68
69
69
69
68
69
69
69
69
69
69
68
69
68
68
69
69
68
70
69
68
69
69
69
68
69
69
68
69
69
69
69
69
69
69
69
70
69
69
69
69
68
70
69
68
69
69
68
69
69
70
69
69
69
68
69
69
68
68
69
